8
0 2
0 5
0 9
0 11
0 13
0 14
0 24
0 26
0 54
0 61
0 66
0 81
0 103
0 130
0 154
0 156
0 164
0 181
0 203
0 207
0 225
0 277
0 279
0 286
0 291
0 341
0 381
0 460
0 504
0 518
0 542
0 583
0 737
0 829
0 999
0 1024
0 1046
0 1051
0 1053
0 1067
0 1096
0 1144
0 1148
0 1164
0 1173
0 1202
0 1248
0 1269
0 1351
0 1393
0 1396
0 1406
0 1462
0 1518
0 1524
0 1541
0 1636
0 1729
0 1777
0 2097
0 2180
0 2460
0 2714
0 2715
0 2720
0 2968
1 2
1 3
1 5
1 6
1 7
1 8
1 9
1 18
1 21
1 28
1 30
1 32
1 36
1 41
1 45
1 48
1 54
1 72
1 79
1 85
1 86
1 90
1 92
1 97
1 104
1 111
1 113
1 121
1 127
1 132
1 134
1 138
1 149
1 178
1 180
1 199
1 225
1 232
1 250
1 261
1 264
1 266
1 284
1 285
1 297
1 308
1 325
1 360
1 372
1 393
1 424
1 440
1 442
1 446
1 447
1 450
1 479
1 481
1 488
1 506
1 507
1 512
1 513
1 521
1 540
1 549
1 561
1 564
1 578
1 592
1 593
1 671
1 702
1 707
1 716
1 764
1 778
1 787
1 808
1 811
1 873
1 878
1 881
1 885
1 907
1 920
1 935
1 964
1 992
1 1123
1 1155
1 1203
1 1237
1 1317
1 1334
1 1335
1 1414
1 1440
1 1467
1 1486
1 1503
1 1588
1 1645
1 1675
1 1687
1 1723
1 1728
1 1735
1 1822
1 1860
1 1890
1 1994
1 2020
1 2026
1 2060
1 2076
1 2100
1 2104
1 2146
1 2155
1 2187
1 2213
1 2219
1 2292
1 2323
1 2336
1 2345
1 2366
1 2409
1 2467
1 2518
1 2533
1 2538
1 2544
1 2585
1 2591
1 2789
1 2790
1 2929
2 3
2 4
2 7
2 12
2 17
2 41
2 42
2 49
2 50
2 51
2 77
2 84
2 95
2 98
2 106
2 107
2 108
2 110
2 119
2 151
2 152
2 173
2 213
2 253
2 257
2 263
2 282
2 340
2 342
2 388
2 389
2 400
2 403
2 406
2 419
2 426
2 455
2 458
2 475
2 495
2 530
2 589
2 694
2 724
2 762
2 779
2 825
2 826
2 909
2 926
2 975
2 1025
2 1027
2 1127
2 1135
2 1197
2 1216
2 1283
2 1321
2 1329
2 1354
2 1364
2 1419
2 1455
2 1503
2 1571
2 1577
2 1666
2 1684
2 1730
2 1798
2 1853
2 1917
2 1960
2 1966
2 1983
2 2005
2 2019
2 2079
2 2083
2 2106
2 2144
2 2229
2 2278
2 2323
2 2356
2 2457
2 2487
2 2564
2 2592
2 2598
2 2601
2 2645
2 2652
2 2700
2 2748
2 2840
3 4
3 8
3 15
3 22
3 71
3 73
3 75
3 125
3 179
3 212
3 227
3 251
3 304
3 336
3 357
3 613
3 614
3 638
3 673
3 675
3 693
3 758
3 782
3 846
3 903
3 1000
3 1049
3 1152
3 1496
3 1529
3 1567
3 1640
3 1689
3 1714
3 2147
3 2252
3 2544
3 2582
3 2887
4 6
4 10
4 12
4 13
4 15
4 16
4 20
4 32
4 33
4 68
4 69
4 92
4 96
4 121
4 134
4 137
4 169
4 188
4 219
4 224
4 251
4 273
4 295
4 299
4 300
4 335
4 344
4 363
4 426
4 429
4 445
4 489
4 545
4 547
4 551
4 576
4 630
4 672
4 682
4 698
4 700
4 763
4 793
4 820
4 876
4 879
4 908
4 946
4 1043
4 1081
4 1091
4 1121
4 1218
4 1242
4 1244
4 1256
4 1267
4 1268
4 1271
4 1291
4 1341
4 1357
4 1366
4 1389
4 1412
4 1431
4 1434
4 1493
4 1496
4 1533
4 1543
4 1805
4 1863
4 1879
4 1924
4 1962
4 2128
4 2152
4 2191
4 2241
4 2255
4 2313
4 2373
4 2404
4 2410
4 2458
4 2490
4 2524
4 2720
4 2756
4 2816
4 2875
5 14
5 19
5 20
5 37
5 44
5 66
5 82
5 101
5 114
5 119
5 126
5 151
5 155
5 195
5 198
5 235
5 269
5 275
5 370
5 383
5 484
5 490
5 502
5 520
5 568
5 711
5 745
5 1056
5 1066
5 1163
5 1213
5 1251
5 1258
5 1451
5 1466
5 1486
5 1510
5 1561
5 1563
5 1586
5 1617
5 1654
5 1804
5 1876
5 1939
5 1997
5 2008
5 2085
5 2112
5 2134
5 2163
5 2191
5 2378
5 2665
5 2925
5 2940
6 10
6 11
6 19
6 27
6 29
6 51
6 57
6 94
6 104
6 115
6 141
6 145
6 178
6 210
6 215
6 219
6 229
6 241
6 248
6 256
6 262
6 287
6 305
6 348
6 380
6 384
6 417
6 421
6 424
6 517
6 539
6 543
6 658
6 743
6 817
6 886
6 982
6 1022
6 1058
6 1088
6 1089
6 1103
6 1156
6 1210
6 1280
6 1348
6 1390
6 1418
6 1472
6 1500
6 1547
6 1599
6 1624
6 1703
6 1745
6 1826
6 1904
6 1919
6 1943
6 2004
6 2026
6 2162
6 2168
6 2604
6 2614
6 2623
6 2997
6 2999
7 25
7 91
7 182
7 192
7 200
7 249
7 258
7 270
7 301
7 304
7 435
7 457
7 459
7 687
7 773
7 780
7 1003
7 1099
7 1627
7 1677
7 1733
7 1808
7 1984
7 2216
7 2343
7 2651
7 2892
7 2895
7 2956
8 34
8 52
8 75
8 99
8 105
8 114
8 160
8 194
8 211
8 223
8 243
8 324
8 401
8 414
8 832
8 1150
8 1199
8 1262
8 1320
8 1397
8 1772
8 1964
8 2254
8 2258
8 2680
8 2852
8 2860
8 2979
9 22
9 23
9 33
9 158
9 216
9 230
9 408
9 428
9 463
9 505
9 507
9 595
9 680
9 749
9 754
9 821
9 846
9 970
9 1035
9 1036
9 1037
9 1164
9 1420
9 1430
9 1436
9 1448
9 1544
9 1744
9 1918
9 1981
9 2280
9 2322
9 2534
9 2611
9 2691
9 2878
9 2899
10 21
10 64
10 72
10 80
10 90
10 191
10 247
10 265
10 293
10 312
10 320
10 473
10 552
10 605
10 633
10 952
10 1101
10 1274
10 1358
10 1375
10 1564
10 1619
10 1930
10 2574
10 2610
10 2697
10 2704
11 812
11 940
11 1123
12 16
12 40
12 43
12 105
12 115
12 149
12 190
12 234
12 239
12 267
12 278
12 331
12 405
12 442
12 474
12 508
12 598
12 629
12 710
12 887
12 894
12 906
12 974
12 1108
12 1250
12 1422
12 1432
12 1441
12 1471
12 1548
12 1607
12 1620
12 1702
12 1707
12 1914
12 2063
12 2223
12 2689
12 2751
13 76
13 100
13 441
13 462
13 590
13 1305
13 1329
13 1340
13 1431
13 1477
13 1861
13 1907
13 2556
13 2802
14 24
14 110
14 123
14 175
14 182
14 191
14 245
14 252
14 280
14 377
14 469
14 607
14 661
14 666
14 821
14 1159
14 1481
14 1509
14 1568
14 2080
14 2152
14 2619
14 2740
15 17
15 18
15 25
15 34
15 35
15 40
15 47
15 55
15 58
15 62
15 63
15 85
15 87
15 93
15 109
15 125
15 143
15 195
15 214
15 303
15 308
15 363
15 365
15 390
15 425
15 477
15 482
15 492
15 494
15 500
15 501
15 532
15 577
15 581
15 603
15 646
15 647
15 668
15 682
15 723
15 742
15 744
15 763
15 795
15 843
15 862
15 876
15 905
15 937
15 1116
15 1129
15 1177
15 1293
15 1299
15 1378
15 1405
15 1421
15 1512
15 1513
15 1578
15 1592
15 1658
15 1667
15 1686
15 1712
15 1800
15 1989
15 1996
15 2025
15 2046
15 2051
15 2181
15 2218
15 2225
15 2276
15 2453
15 2500
15 2528
15 2600
15 2622
15 2738
15 2788
15 2825
15 2849
15 2906
15 2990
16 23
16 26
16 65
16 84
16 160
16 163
16 210
16 276
16 332
16 406
16 465
16 503
16 508
16 519
16 523
16 563
16 588
16 746
16 791
16 810
16 889
16 910
16 943
16 1021
16 1060
16 1330
16 1632
16 1718
16 1746
16 1951
16 2021
16 2022
16 2237
16 2427
16 2552
16 2662
16 2841
17 39
17 71
17 73
17 132
17 133
17 254
17 263
17 487
17 516
17 962
17 1033
17 1039
17 1215
17 1665
17 1682
17 1789
17 2185
17 2783
17 2821
18 302
18 1204
18 1387
18 2479
18 2523
18 2650
19 30
19 31
19 61
19 74
19 88
19 128
19 130
19 142
19 186
19 255
19 321
19 337
19 352
19 384
19 427
19 767
19 985
19 1076
19 1130
19 1272
19 1415
19 1521
19 1721
19 1877
19 2465
19 2722
19 2809
20 38
20 39
20 64
20 78
20 111
20 209
20 289
20 378
20 407
20 678
20 866
20 937
20 949
20 971
20 1033
20 1273
20 1453
20 1547
20 1864
20 1886
20 1950
20 1957
20 1958
20 2319
20 2430
20 2536
20 2607
21 27
21 29
21 31
21 46
21 50
21 82
21 124
21 238
21 271
21 385
21 416
21 541
21 593
21 597
21 643
21 854
21 881
21 963
21 1072
21 1178
21 1237
21 1255
21 1377
21 1467
21 1482
21 1519
21 1585
21 1724
21 1731
21 1917
21 1952
21 2001
21 2050
21 2198
21 2440
21 2542
21 2894
22 28
22 57
22 67
22 112
22 147
22 168
22 228
22 281
22 310
22 374
22 523
22 563
22 597
22 624
22 685
22 712
22 1028
22 1182
22 1582
22 1885
22 1948
22 2093
22 2531
23 83
23 135
23 313
23 509
23 1022
23 1083
23 1918
23 2224
23 2267
23 2321
24 35
24 38
24 129
24 168
24 234
24 294
24 397
24 552
24 723
24 753
24 769
24 797
24 901
24 1157
24 1206
24 2159
24 2338
24 2624
25 55
25 146
25 564
25 839
25 918
25 925
25 1602
25 1847
25 2106
25 2114
25 2394
26 36
26 49
26 179
26 238
26 322
26 329
26 371
26 509
26 600
26 602
26 610
26 1011
26 1052
26 1492
26 1772
26 1870
26 1871
26 2432
26 2937
27 37
27 45
27 46
27 129
27 137
27 140
27 145
27 153
27 196
27 320
27 359
27 496
27 565
27 580
27 814
27 898
27 958
27 1119
27 1205
27 1561
27 1665
27 1737
27 1857
27 1900
27 1985
27 2105
27 2493
27 2586
27 2868
28 171
28 208
28 266
28 268
28 269
28 575
28 1203
28 1247
28 2661
29 48
29 52
29 231
29 367
29 732
29 834
29 1192
29 1622
29 2002
29 2089
29 2383
29 2425
29 2541
30 42
30 44
30 53
30 69
30 272
30 676
30 738
30 967
30 1289
30 1346
30 1416
30 1550
30 1759
30 2024
30 2072
30 2520
30 2598
30 2630
30 2643
30 2923
31 62
31 77
31 152
31 226
31 242
31 296
31 323
31 365
31 417
31 610
31 651
31 880
31 976
31 1345
31 1538
31 1744
31 1988
31 2285
31 2420
31 2539
31 2631
31 2897
32 68
32 176
32 222
32 243
32 297
32 443
32 1083
32 1265
32 1357
32 1904
32 2238
32 2301
32 2307
32 2507
32 2984
33 60
33 162
33 684
33 1006
33 1100
33 1202
33 1271
33 1291
33 1292
33 1507
33 1776
33 1848
34 59
34 70
34 107
34 189
34 301
34 364
34 617
34 926
34 1001
34 1052
34 1315
34 1470
34 2036
34 2238
34 2509
34 2569
35 58
35 120
35 176
35 252
35 285
35 482
35 486
35 1098
35 1245
35 1780
35 2494
35 2738
35 2832
36 98
36 190
36 530
36 575
36 612
36 808
36 965
36 1004
36 1187
36 1426
36 1681
36 1705
36 1974
36 2084
36 2112
36 2149
36 2330
37 56
37 60
37 91
37 326
37 400
37 566
37 616
37 725
37 1248
37 1380
37 1391
37 1647
37 1802
37 2590
38 188
38 311
38 460
38 554
38 975
38 1105
38 1495
38 1654
38 1690
38 2128
38 2139
38 2836
38 2874
38 2924
39 146
39 291
39 398
39 1294
39 1850
40 43
40 548
40 608
40 662
40 1132
40 1721
40 1787
40 2275
40 2849
40 2918
41 65
41 118
41 131
41 141
41 185
41 618
41 688
41 739
41 854
41 868
41 1195
41 1231
41 1762
41 1848
41 1972
41 2716
42 120
42 124
42 155
42 250
42 390
42 453
42 658
42 661
42 718
42 805
42 1236
42 1257
42 1595
42 1710
42 1786
42 1951
42 2198
42 2207
42 2688
42 2885
43 53
43 112
43 202
43 386
43 438
43 444
43 730
43 746
43 1207
43 1210
43 1333
43 1422
43 1469
43 1952
43 2011
43 2469
43 2736
44 47
44 56
44 113
44 135
44 166
44 180
44 353
44 391
44 419
44 478
44 684
44 1331
44 1542
44 1610
44 1717
44 1782
44 1801
44 2647
45 259
45 819
45 1664
45 2546
46 86
46 758
46 1514
46 1906
46 2387
47 122
47 157
47 230
47 231
47 292
47 379
47 820
47 906
47 1088
47 1183
47 1838
47 2266
47 2576
47 2753
47 2853
48 59
48 76
48 80
48 185
48 451
48 459
48 461
48 462
48 505
48 572
48 586
48 811
48 860
48 890
48 935
48 947
48 1063
48 1104
48 1225
48 1261
48 1297
48 1463
48 1629
48 1915
48 2678
49 89
49 362
49 404
49 435
49 722
49 913
49 1133
49 1134
49 1457
49 1504
49 1977
49 2214
49 2455
49 2863
49 2929
51 81
51 165
51 253
51 255
51 299
51 329
51 383
51 511
51 627
51 753
51 768
51 823
51 985
51 1674
51 1867
51 2088
51 2179
51 2251
51 2537
51 2604
51 2847
51 2923
53 395
53 619
53 810
53 896
53 930
53 1263
53 1367
53 1947
53 2291
53 2502
53 2644
54 67
54 89
54 204
54 543
54 984
54 1034
54 1181
54 1252
54 1537
54 1569
54 1650
54 2469
54 2701
54 2813
54 2964
55 102
55 108
55 144
55 623
55 865
56 96
56 142
56 187
56 203
56 317
56 342
56 350
56 366
56 376
56 399
56 418
56 457
56 557
56 750
56 751
56 864
56 924
56 1011
56 1102
56 1146
56 1193
56 1264
56 1296
56 1377
56 1462
56 1595
56 1934
56 1979
56 2228
56 2272
56 2679
56 2810
57 70
57 88
57 148
57 172
57 177
57 181
57 258
57 423
57 430
57 467
57 555
57 649
57 877
57 879
57 963
57 1054
57 1368
57 1421
57 1491
57 1507
57 1699
57 2084
57 2284
58 79
58 296
58 428
58 596
58 848
58 924
58 951
58 1211
58 2761
58 2857
59 74
59 101
59 116
59 173
59 194
59 217
59 410
59 511
59 515
59 537
59 972
59 1238
59 1751
59 2073
59 2168
59 2507
59 2870
59 2953
60 63
60 97
60 103
60 109
60 244
60 309
60 345
60 430
60 514
60 616
60 631
60 653
60 759
60 784
60 818
60 836
60 910
60 1049
60 1081
60 1106
60 1259
60 1270
60 1374
60 1447
60 1464
60 1487
60 1508
60 1528
60 1746
60 1777
60 1865
60 1989
60 1991
60 2127
60 2406
60 2671
61 157
62 99
62 278
62 465
62 549
62 942
62 1364
62 1401
62 1850
63 78
63 83
63 172
63 283
63 315
63 487
63 540
63 685
63 756
63 778
63 907
63 1201
63 1307
63 1358
63 1549
63 1743
63 1972
63 1993
63 2324
63 2389
63 2466
63 2603
64 260
64 429
64 550
64 839
64 897
64 1235
64 1480
64 1485
64 2388
64 2595
65 170
65 305
65 562
65 741
65 916
65 1134
65 1782
65 2292
65 2443
66 117
66 184
66 581
66 683
66 719
66 788
66 807
66 870
66 1144
66 1438
66 1663
66 1912
66 2187
66 2190
66 2220
66 2655
66 2988
67 517
67 827
68 138
68 218
68 222
68 276
68 277
68 322
68 472
68 553
68 560
68 574
68 659
68 716
68 859
68 977
68 1006
68 1138
68 1214
68 1499
68 1766
68 2122
68 2497
68 2743
69 174
69 240
69 710
69 826
69 1826
69 2279
69 2492
69 2969
70 122
71 102
71 139
71 167
71 229
71 369
71 655
71 719
71 1056
71 1156
71 1382
71 1385
71 1437
71 1626
71 1741
71 1901
71 1926
71 2515
71 2814
72 94
72 189
72 264
72 275
72 348
72 447
72 456
72 470
72 493
72 573
72 1149
72 1211
72 1959
72 2197
72 2242
72 2730
72 2967
73 1316
73 2311
73 2405
74 87
74 147
74 504
74 546
74 631
74 860
74 1257
74 1409
74 1773
74 2023
74 2795
74 2953
75 988
75 1381
76 117
76 150
76 867
76 2667
76 2755
77 444
77 697
77 783
77 1168
77 1923
77 1932
78 143
78 150
78 452
78 483
78 586
78 754
78 909
78 939
78 1077
78 1424
78 1553
78 1608
78 1677
78 1808
78 2138
79 139
79 371
79 584
79 699
79 715
79 733
79 741
79 914
79 1313
79 1766
79 2462
80 223
80 1413
80 2031
81 144
81 162
81 742
81 798
81 1116
81 1282
81 1586
81 1628
81 1708
81 1794
81 1898
81 2378
81 2424
81 2817
82 106
82 133
82 136
82 177
82 404
82 997
82 1630
82 2123
82 2906
82 2975
83 842
83 911
83 1141
83 1180
83 1322
84 116
84 295
84 544
84 607
84 1693
84 1829
84 2283
85 410
85 768
85 1459
85 1670
85 1931
85 1967
85 2368
86 209
86 328
86 382
86 499
86 532
86 548
86 637
86 713
86 785
86 872
86 903
86 1100
86 1319
86 1385
86 1663
86 1881
86 2007
86 2253
86 2288
86 2423
86 2830
86 2836
87 1313
87 1392
87 2537
87 2695
89 216
89 218
89 240
89 343
89 1694
89 1779
89 2393
90 95
90 154
90 161
90 192
90 233
90 279
90 298
90 451
90 592
90 609
90 702
90 725
90 751
90 1032
90 1255
90 1324
90 1518
90 2100
90 2120
90 2157
90 2195
90 2620
90 2943
91 197
91 205
91 217
91 256
91 318
91 374
91 395
91 399
91 411
91 476
91 529
91 535
91 554
91 939
91 1063
91 1082
91 1225
91 1579
91 1796
91 1827
91 1843
91 2015
91 2057
91 2061
91 2211
91 2248
91 2377
91 2827
91 2881
92 93
92 123
92 131
92 136
92 167
92 187
92 200
92 202
92 261
92 268
92 351
92 421
92 594
92 649
92 697
92 836
92 841
92 847
92 914
92 989
92 1152
92 1320
92 1350
92 1726
92 1794
92 2239
92 2306
92 2414
92 2558
93 100
93 163
93 247
93 274
93 300
93 433
93 485
93 847
93 927
93 1655
93 1849
93 2199
93 2233
93 2461
93 2512
94 2796
95 127
95 128
95 354
95 376
95 571
95 605
95 761
95 837
95 869
95 921
95 1423
95 1650
95 1680
95 2129
95 2305
96 245
96 525
96 527
96 748
96 760
96 1747
96 2018
96 2035
97 246
97 336
97 360
97 640
97 690
97 1012
97 1768
97 1924
97 1973
97 2102
98 237
98 306
98 657
98 660
98 1183
98 1187
98 1956
98 2778
98 2867
99 183
99 206
99 288
99 398
99 449
99 467
99 620
99 990
99 1028
99 1105
99 1132
99 1250
99 1432
99 1639
99 1645
99 2120
99 2193
99 2264
99 2641
99 2739
100 236
100 679
100 772
100 786
100 1695
100 1874
100 2131
100 2989
101 161
101 380
101 518
101 535
101 966
101 1166
101 1908
101 2353
101 2768
102 313
102 998
102 2003
102 2464
103 260
103 973
103 974
103 1332
103 1693
104 204
104 440
104 626
104 1086
104 1215
104 1394
104 1545
104 1795
104 2064
104 2081
104 2245
105 392
105 722
105 807
105 1790
105 1895
106 158
106 207
106 226
106 293
106 294
106 331
106 339
106 347
106 391
106 412
106 664
106 832
106 893
106 916
106 1044
106 1136
106 1208
106 1309
106 1342
106 1398
106 1505
106 1571
106 1700
106 1781
106 2166
106 2436
106 2674
106 2794
106 2820
106 2909
106 2911
107 227
107 611
107 997
107 2616
108 159
108 236
108 242
108 364
108 475
108 525
108 572
108 634
108 776
108 794
108 841
108 976
108 1107
108 1442
109 777
109 1807
110 1894
111 267
111 681
111 1245
111 2029
111 2067
111 2242
111 2632
111 2883
112 478
112 625
112 1157
112 1285
112 1524
112 1911
112 2113
113 118
113 333
113 1814
113 1961
114 239
114 248
114 338
114 414
114 673
114 948
114 951
114 1513
114 2388
115 166
116 696
116 2590
117 343
117 394
117 473
117 646
117 1428
117 2703
118 337
118 779
118 1423
119 615
119 1241
119 1698
119 2338
120 148
120 645
120 1822
121 186
121 528
121 601
121 639
121 840
121 1135
121 1341
121 1594
121 1701
121 1784
121 2033
121 2234
121 2311
121 2350
121 2374
121 2845
122 126
122 140
122 169
122 316
122 378
122 528
122 606
122 904
122 1001
122 1026
122 1332
122 1369
122 1527
122 1551
122 1569
122 1992
122 2153
122 2415
122 2958
123 687
124 159
124 221
124 280
124 546
124 986
124 1141
124 1506
125 1137
125 1953
126 422
126 800
126 1008
126 1073
126 1306
126 1784
126 1938
126 2352
126 2360
127 220
127 531
127 1760
128 1294
128 1765
129 312
129 318
129 571
129 965
129 1005
129 1180
129 1252
129 1286
129 1474
129 1750
129 1827
129 1899
129 2031
129 2419
129 2972
130 165
130 211
130 480
130 604
130 941
130 1097
130 1293
130 1299
130 2320
131 215
131 330
131 689
131 761
131 901
131 1085
131 1630
131 2034
131 2959
132 314
132 353
132 356
132 671
132 952
132 1019
132 1280
132 1995
132 2062
132 2101
133 201
133 347
133 372
133 431
133 551
133 659
133 1460
133 1535
133 1718
133 2681
133 2982
134 448
134 480
134 574
134 622
134 972
134 991
134 1862
134 2164
134 2172
134 2183
134 2463
134 2851
134 2928
135 2890
136 830
136 1050
136 1978
136 2689
136 2957
137 382
137 558
137 618
137 1415
137 1646
137 1749
137 2683
137 2936
138 1929
138 2806
139 468
139 2510
140 627
140 1227
140 2525
141 1498
141 1709
141 2023
142 857
142 1573
142 2589
143 335
144 175
144 193
144 241
144 282
144 303
144 579
144 648
144 765
144 1095
144 1409
144 1473
144 2033
144 2558
144 2746
144 2966
145 1085
147 1773
148 770
148 774
148 1386
148 2314
149 290
149 432
149 805
149 1318
149 1356
149 1532
149 1541
149 1975
149 2554
149 2944
150 153
150 156
150 164
150 270
150 547
150 591
150 1018
150 1050
150 1536
151 892
151 1031
151 2763
152 638
152 691
153 183
153 193
153 2389
154 298
155 656
155 757
157 197
157 1898
158 403
158 686
159 170
159 196
159 373
159 585
159 591
159 721
159 1220
159 1384
159 1386
159 1666
159 1670
159 2258
159 2324
159 2371
159 2719
159 2823
160 198
160 819
160 1172
162 621
162 843
162 2110
163 174
163 213
163 630
163 705
163 781
163 1672
163 1785
163 2056
163 2354
163 2357
163 2435
163 2512
163 2920
164 171
164 513
164 533
164 676
164 691
164 1007
164 1047
164 1371
164 1526
164 2485
165 375
165 471
165 498
165 639
165 686
165 816
165 969
165 987
165 1124
165 1168
165 1249
165 1433
165 1802
165 1866
165 2169
165 2543
165 2965
166 184
166 220
166 501
166 644
166 856
166 919
166 1414
166 1587
166 1714
166 1971
166 2056
166 2147
166 2192
166 2587
166 2669
167 1998
167 2340
167 2471
167 2938
169 2375
170 443
170 461
170 747
170 1230
170 1383
170 2008
170 2459
170 2625
170 2633
171 392
171 1038
172 259
172 1531
172 1891
173 323
173 375
173 580
173 650
173 1860
173 1997
173 2095
173 2489
173 2666
173 2784
174 1015
175 351
175 789
175 875
175 1624
175 2200
175 2670
176 895
176 1790
176 1968
177 235
177 665
177 900
177 1652
177 1793
177 1892
177 1901
177 2504
177 2942
178 201
178 228
178 679
178 720
178 733
178 773
178 828
178 960
178 964
178 1024
178 1179
178 1260
178 1308
178 1360
178 1514
178 1659
178 1813
178 1858
178 1919
178 2588
179 321
180 206
180 333
180 472
180 1476
180 1903
181 208
181 2162
181 2298
181 2902
182 640
182 947
182 1778
183 534
183 1140
183 1450
183 1853
183 2620
183 2786
183 2873
184 317
184 652
184 744
184 828
184 1847
184 2057
184 2219
184 2639
185 1153
185 2361
185 2909
186 262
186 359
186 491
186 559
186 695
186 931
186 1222
186 1285
186 1435
186 1452
186 2265
186 2531
186 2760
187 2010
188 272
188 402
188 529
188 724
188 1300
188 1585
189 437
189 1328
189 1572
189 1691
189 2215
189 2281
189 2792
189 2985
190 214
190 669
190 760
190 1004
190 1142
190 1763
190 2079
190 2521
190 2824
191 249
191 667
191 670
191 957
191 993
191 1021
191 1066
191 1131
191 1450
191 1685
191 2347
191 2533
191 2961
192 205
192 221
192 309
192 346
192 432
192 930
192 1502
192 1559
192 2498
192 2504
192 2552
193 199
193 556
193 585
193 814
193 880
193 988
193 1339
193 1653
193 1685
193 1829
193 2122
193 2673
193 2926
193 2944
193 2966
195 224
195 350
195 438
195 579
195 603
195 1407
195 1445
195 1603
195 1615
195 1907
195 2131
195 2148
195 2428
196 1488
196 1490
196 1673
196 1810
196 2299
196 2649
196 2704
196 2846
197 1278
197 1370
197 1407
197 2712
197 2914
198 484
198 721
198 967
198 1494
198 1656
198 2548
199 273
199 598
199 602
199 707
199 1143
199 1159
199 1676
199 2239
200 434
200 521
200 983
200 1145
200 1373
200 1590
200 2498
200 2752
201 512
201 752
201 1120
201 2027
201 2111
201 2734
202 396
202 1258
202 1564
202 2257
203 212
203 257
203 469
203 510
203 1276
203 1530
203 1600
203 1657
203 2306
203 2429
204 389
204 433
204 439
204 497
204 545
204 728
204 749
204 1391
204 1613
204 1770
204 1868
204 2622
204 2722
204 2880
204 2915
204 2962
205 349
206 290
206 332
206 1175
206 1361
206 1403
206 2416
207 271
207 289
207 577
207 594
207 662
207 1322
207 2442
208 325
208 599
208 942
208 2935
209 966
210 2226
211 314
211 316
211 326
211 446
211 562
211 632
211 861
211 1002
211 1226
211 1305
211 1402
211 1791
211 2062
211 2402
211 2407
211 2484
211 2877
211 2974
212 452
212 1626
212 1896
212 1899
212 2724
213 246
213 557
213 759
213 835
213 995
213 1058
213 1604
213 1635
213 2333
213 2446
213 2485
213 2516
213 2542
213 2881
214 232
214 2572
214 2774
215 641
215 1612
215 1855
216 2450
217 790
217 1098
217 1162
217 2028
218 292
218 637
218 735
218 1216
218 1254
218 1581
218 1961
218 2364
219 604
219 680
219 902
219 2165
219 2173
221 1126
221 1190
221 1288
221 1370
222 449
222 1219
223 1242
223 2629
224 233
224 237
224 369
224 813
224 1369
224 1374
224 2414
225 2538
227 1171
228 274
228 553
228 1279
228 1337
228 1338
228 1752
228 2009
230 302
230 328
230 642
230 788
230 1161
230 1719
230 2081
230 2916
231 244
231 307
231 961
231 1087
231 2525
231 2941
232 254
232 362
232 615
232 1399
232 2674
233 356
233 1920
234 311
234 502
234 708
234 1583
235 281
235 857
235 1122
235 1456
235 1755
235 2016
235 2339
235 2891
235 2945
236 2908
237 1204
237 1935
237 2594
238 340
238 423
238 595
238 780
238 800
238 941
238 1065
238 1232
238 1363
238 1816
240 882
240 990
240 1856
241 584
242 306
242 355
242 367
242 436
242 802
243 327
243 386
243 601
243 677
243 1335
243 1482
243 1717
243 2043
243 2274
243 2293
243 2830
244 288
244 355
244 388
244 493
244 776
244 922
244 962
244 1456
244 1471
244 2032
244 2051
244 2417
244 2755
245 310
245 346
245 366
245 486
245 845
245 959
245 1032
245 1078
245 1267
245 1805
245 1837
245 2429
245 2905
247 368
247 385
247 1184
247 1436
247 1634
247 1664
247 1957
247 2124
247 2647
247 2688
247 2844
247 2952
248 265
248 349
248 522
248 734
248 875
248 1192
248 1408
248 1817
248 2006
248 2134
248 2155
248 2470
248 2649
249 284
249 497
249 1166
250 1495
251 324
251 334
251 537
251 899
251 918
251 1643
251 1754
251 2407
252 402
252 704
252 1730
252 1973
252 2259
254 2361
257 344
257 542
257 816
257 829
257 831
257 1199
257 1599
257 2266
257 2271
257 2325
257 2672
257 2785
257 2985
258 307
258 339
258 458
258 583
258 783
258 1317
258 1534
258 2132
258 2779
259 503
259 992
259 1089
259 1738
259 1844
259 1982
259 2053
259 2260
260 666
260 934
260 1078
260 1208
260 1301
260 1934
260 2052
260 2183
260 2963
261 283
261 492
261 917
261 2166
261 2431
262 596
262 737
262 801
262 1526
262 1857
262 1986
264 445
264 804
264 1532
264 1991
265 358
265 488
265 550
265 739
265 1614
265 1619
265 1866
265 2201
265 2615
266 327
266 1009
266 1538
266 1737
269 286
269 377
269 544
269 2838
270 822
271 2006
271 2619
272 1228
272 1922
272 2961
273 381
273 408
273 466
273 2519
274 341
275 456
275 718
275 855
275 1158
275 1345
275 2780
275 2813
276 396
276 1688
276 1979
277 287
277 352
277 387
277 1477
278 334
278 1147
279 379
279 559
279 1133
279 1955
280 387
281 831
281 1359
281 1483
282 2459
282 2782
283 2391
283 2638
283 2682
283 2728
284 370
284 413
284 2129
284 2264
284 2308
284 2920
284 2934
285 463
285 496
285 510
285 524
285 570
285 690
285 700
285 809
285 953
285 1502
285 1865
285 1998
285 2096
285 2605
286 538
286 641
286 933
286 978
286 1916
286 2245
286 2783
287 330
287 1287
287 1869
287 2099
287 2732
288 450
288 498
288 1868
288 2280
289 1616
289 2215
289 2346
289 2562
290 413
290 416
290 692
290 994
290 1383
290 1959
290 2318
290 2627
290 2730
290 2925
290 2927
292 345
292 1963
293 526
293 1155
293 1506
294 1148
295 468
295 795
295 799
295 1734
295 1920
295 2426
295 2508
295 2737
295 2764
295 2844
295 2986
296 625
296 1408
296 2506
298 541
298 709
299 427
299 464
299 650
299 1318
299 1944
299 1993
299 2167
300 1165
300 1314
300 2045
301 455
301 520
301 1034
301 2396
303 2710
304 1173
305 319
305 354
305 397
305 664
305 669
305 1662
305 1897
306 863
306 1692
306 1703
306 2000
307 315
307 714
307 1077
307 1336
307 2118
307 2369
308 624
308 693
308 872
308 1189
308 1213
308 1537
308 1607
308 2355
309 454
309 567
309 770
309 943
310 474
310 622
310 911
310 1892
310 2210
310 2686
310 2894
311 717
311 1880
311 2277
312 407
312 477
312 792
312 1005
312 2348
313 495
313 539
313 1191
313 1209
313 1223
313 1427
313 1825
313 2317
314 361
314 1283
314 1344
314 1406
314 2529
314 2659
315 536
315 786
315 1960
315 2589
316 1239
317 319
318 995
318 1075
318 2828
319 701
319 2296
319 2638
319 2886
321 499
321 500
321 533
321 1327
321 2042
321 2135
321 2246
321 2267
321 2371
321 2717
322 358
322 437
322 538
322 565
322 699
322 1025
322 2159
322 2673
324 894
324 1361
324 1579
324 2312
324 2870
326 1039
326 1079
326 1176
326 1662
326 2182
326 2310
326 2434
326 2617
326 2893
327 2524
327 2596
328 785
328 2444
329 338
329 415
329 674
329 825
329 874
329 1930
329 2453
329 2455
329 2473
329 2488
329 2714
330 2952
331 357
331 813
332 1598
332 2015
332 2614
333 845
334 420
334 979
334 1087
334 1735
335 434
335 628
335 833
335 1226
335 1743
335 2017
335 2088
335 2642
335 2858
336 405
336 412
336 713
336 1435
336 2879
337 1380
338 789
338 848
338 1013
339 938
339 1800
340 393
340 409
340 489
340 806
340 1174
340 1517
340 2206
340 2495
341 368
341 668
342 411
342 667
342 804
342 969
342 1046
342 1410
342 1560
342 1844
342 2095
343 1113
343 1593
343 1757
343 2882
344 670
344 2725
345 361
345 415
345 522
345 608
345 633
345 806
345 864
345 945
345 1026
345 1031
345 1055
345 1154
345 1402
345 1618
345 1652
345 1678
345 1842
345 1936
345 1968
345 2067
345 2302
345 2529
345 2580
345 2642
345 2677
345 2690
345 2846
345 2903
345 2981
346 401
346 799
347 569
347 663
347 1269
347 1350
347 1556
347 1578
347 2094
347 2663
347 2795
347 2872
348 481
348 853
348 1012
348 1055
348 1118
348 1151
348 2931
350 506
350 573
350 858
350 958
350 1000
350 1420
350 1825
350 2342
350 2808
351 454
351 1069
352 556
352 2136
352 2411
353 1170
353 2024
353 2040
354 1090
354 1891
354 2967
355 1104
355 2758
355 2777
355 2971
356 648
356 2367
356 2914
357 765
357 2843
358 394
358 422
358 567
358 851
358 1023
358 1217
358 1365
358 2785
359 476
359 587
359 717
359 824
359 838
359 1118
359 1676
359 1779
359 2047
359 2188
359 2427
359 2470
359 2563
359 2970
359 2991
360 1122
360 1188
360 1389
360 1888
360 2316
361 1520
361 2373
362 623
362 747
362 946
363 621
363 2064
363 2220
363 2294
363 2501
364 373
364 524
364 701
364 882
364 915
364 1254
364 1334
364 1353
364 1931
364 1940
364 2482
364 2753
364 2873
364 2917
364 2950
365 933
365 1169
365 2493
365 2527
365 2712
366 578
366 2287
367 439
367 1010
367 1079
367 2727
368 850
368 1298
368 1325
368 1472
368 1570
368 2196
368 2268
368 2403
368 2479
370 409
370 772
370 1147
370 2658
370 2751
371 1020
372 448
372 453
372 1539
372 1566
372 1738
374 1003
374 1051
374 1235
374 1282
374 1921
375 431
375 1071
375 2076
375 2329
375 2362
375 2922
376 441
376 1347
376 2763
377 726
377 1841
377 2630
377 2699
378 514
378 740
378 801
378 803
378 1030
378 1783
380 1331
380 1881
381 589
381 775
381 1200
381 1218
383 536
383 599
383 1246
383 1382
383 1688
383 1975
384 418
384 681
384 1523
384 2509
384 2618
385 665
385 726
385 1010
385 1045
385 1125
385 1872
386 614
386 1674
387 1480
388 1602
388 2359
389 787
389 1515
391 632
391 878
391 2316
391 2797
392 809
392 1044
392 1372
392 1400
392 2193
393 569
394 466
394 636
394 928
394 1138
394 1479
394 1584
394 2684
395 436
395 479
395 1042
395 1910
395 1990
395 2119
395 2549
396 1323
396 1424
396 1644
396 1780
396 2447
396 2608
396 2706
397 1290
398 555
398 570
398 757
398 1867
398 2153
400 534
400 890
400 913
400 1041
400 1169
400 2341
400 2903
402 1061
402 1240
402 2758
403 1260
403 2075
404 1404
404 2230
405 2133
406 1445
406 2141
406 2227
406 2263
406 2575
406 2579
406 2865
406 2904
407 582
409 2225
410 672
410 1696
410 2445
412 689
412 838
412 1142
412 1366
412 1494
412 1720
412 2060
412 2326
413 491
413 777
413 912
413 929
413 954
413 1178
413 1196
413 1236
413 1778
413 1897
413 2020
413 2197
413 2662
413 2685
414 420
414 606
414 634
414 1946
414 2114
414 2400
415 856
415 2055
416 1040
416 1534
416 2699
416 2992
417 425
417 887
418 2158
420 464
420 516
420 628
420 703
420 1175
420 1818
420 2199
420 2800
422 2157
422 2464
423 896
423 1182
424 1351
424 2760
425 1648
425 2955
426 1426
427 561
427 764
427 769
427 2098
427 2180
428 471
429 1295
430 1416
430 2545
431 1798
432 728
432 960
432 2719
433 470
433 653
433 1403
434 1115
434 1562
434 2297
435 1179
435 2019
436 677
436 1277
437 576
437 1029
437 2618
437 2880
437 2977
437 2984
438 656
438 692
438 2476
438 2729
439 859
439 956
439 1206
439 1454
440 1856
440 2218
440 2561
441 1084
441 2441
442 1535
442 1661
443 885
444 775
444 977
444 1308
445 652
445 1170
445 2530
445 2705
446 531
446 1020
446 1323
446 1590
446 1821
446 2054
446 2310
447 1543
447 2055
447 2466
448 644
448 715
448 1037
448 1201
448 1207
448 1428
448 1633
448 1942
448 2582
449 485
449 704
449 1429
450 791
450 2038
451 932
452 1668
452 2268
452 2725
453 1274
453 1278
453 1592
453 1974
453 2376
454 793
454 889
454 1014
454 2077
454 2978
455 519
455 982
455 1304
455 2273
455 2330
456 527
456 1233
456 1886
456 2049
456 2247
456 2351
456 2536
457 483
457 657
457 905
457 2446
457 2532
458 767
458 824
458 1190
458 2194
459 1126
460 1443
460 1946
461 613
461 651
461 922
461 981
461 1074
461 1264
461 1302
461 1343
461 1544
461 1631
461 1655
461 1878
461 2243
461 2608
462 1284
462 1679
462 1864
462 1873
462 2557
463 1246
463 1633
463 2077
463 2401
463 2527
463 2877
464 2874
465 2848
466 490
466 883
466 993
467 1336
467 2069
467 2416
467 2882
468 2675
469 803
469 2059
470 675
470 1112
472 1111
473 2396
474 991
474 1627
474 1678
474 2766
475 1110
475 1125
475 1143
475 1493
475 2625
476 1804
476 2304
478 1117
479 588
479 698
479 720
479 729
479 1016
479 1659
479 2353
480 797
481 1189
481 1508
481 2034
481 2930
482 515
482 2110
483 2021
483 2456
484 2379
485 1232
485 2499
486 979
487 1162
487 1425
487 2138
487 2441
487 2506
488 2167
488 2260
489 771
489 1043
489 1833
490 526
490 893
490 1887
490 2178
490 2866
491 2154
491 2583
491 2829
492 835
492 1057
492 2092
493 494
493 919
493 1613
493 1859
493 2227
494 2300
495 956
495 1247
496 802
496 1160
496 1196
496 2365
496 2435
496 2636
497 612
497 642
497 784
497 812
500 731
500 957
500 1982
501 626
501 727
502 1837
503 750
505 1828
505 2609
506 1880
509 755
509 756
509 940
509 1621
509 2143
509 2411
510 678
510 863
510 1464
510 1572
510 1683
510 1756
510 2117
510 2256
510 2380
510 2550
510 2678
510 2706
510 2776
511 1076
511 1375
511 1631
512 2025
512 2907
513 600
513 1713
514 1312
514 2422
515 884
515 2731
516 1461
517 743
517 1002
517 2998
518 619
518 2871
519 694
519 877
519 895
519 1137
519 1954
520 1458
521 2503
522 745
522 1064
522 1243
522 2990
523 568
523 712
523 732
523 755
523 1476
523 1553
524 636
524 1326
527 654
527 1229
527 2087
527 2812
528 1167
528 2074
528 2739
529 1879
529 2082
529 2660
529 2853
530 1146
530 1517
531 928
531 1356
531 1751
531 2130
532 635
532 730
532 736
532 790
532 830
532 852
532 1300
532 2189
533 560
533 1240
533 1781
534 1349
534 2002
535 582
535 2710
536 932
536 968
536 2041
537 2408
537 2617
538 1591
538 1762
538 2579
538 2707
539 2771
540 566
540 867
540 2208
541 1986
542 1444
543 1449
543 1803
543 1985
543 2635
543 2895
543 2900
545 2503
546 1093
547 590
548 1727
548 1758
548 2837
549 558
549 1575
549 1840
550 1969
551 703
551 1981
551 2679
551 2862
553 611
553 1497
553 1625
553 2203
553 2577
554 1268
555 1516
555 1980
556 2390
557 1448
557 1673
557 1769
557 1945
557 2186
557 2460
558 794
558 1704
558 2073
558 2212
559 2833
561 1597
562 818
562 1442
562 1765
562 1795
562 1835
562 2143
562 2269
562 2290
563 892
563 1616
563 1836
563 2209
564 731
564 762
564 1509
564 2161
565 850
565 1176
565 1909
565 2097
565 2669
567 617
567 1131
567 1273
567 1342
567 1754
568 620
568 2126
569 1288
569 1639
569 2232
569 2767
570 629
570 2566
571 1241
573 1222
573 1591
573 2029
573 2855
574 1474
574 1523
574 2450
576 1710
576 1715
576 1884
576 2495
576 2711
576 2807
577 2502
578 674
578 949
578 2553
579 683
579 1200
579 1243
579 1983
579 2275
579 2721
581 1859
583 2671
584 705
584 1372
584 1832
585 2627
586 587
586 1484
586 1706
586 2666
586 2764
586 2898
587 1275
588 645
588 695
588 729
588 766
588 980
588 1062
588 1094
588 1107
588 1110
588 1637
588 2650
588 2683
588 2717
590 862
590 1071
590 2521
591 647
591 1530
591 1771
591 1799
591 2337
591 2476
591 2587
592 609
592 663
592 874
592 1554
592 1681
592 1726
592 2001
592 2896
593 1109
594 1646
594 1649
596 1522
597 1343
597 1815
598 781
598 2564
599 635
600 1596
600 1921
601 1281
601 2499
602 654
604 2907
604 2940
605 1628
605 1923
606 869
606 1905
606 2066
606 2265
606 2528
606 2602
608 2133
608 2262
609 2273
609 2878
610 2802
611 1443
611 2839
612 815
612 886
612 1042
612 1197
612 1465
612 1511
612 1883
612 1945
612 2395
612 2458
613 1601
614 920
614 1174
614 2111
614 2615
615 1487
615 2186
616 961
616 2490
617 871
617 1774
617 2602
618 944
618 1281
618 1404
618 2856
619 1566
619 2379
621 1470
621 2804
622 688
622 1466
622 2584
622 2799
623 1614
626 643
626 1080
626 1515
626 2610
627 660
627 2421
628 1638
628 2170
629 925
629 998
629 1015
629 1558
629 2105
629 2746
630 2462
632 752
632 994
632 1696
632 1704
632 1809
632 2233
633 1093
633 1413
633 1870
633 2156
634 2910
635 655
635 1090
636 945
636 1109
636 1793
637 1139
637 1623
637 1956
637 2150
637 2229
637 2974
638 1217
639 1019
639 1970
640 842
640 2475
641 899
641 927
641 1099
641 1325
641 1836
641 2127
641 2145
641 2348
641 2562
641 2709
642 1289
642 2793
644 708
645 1667
645 1797
647 2113
647 2203
648 1008
649 2230
650 1376
650 1531
650 1550
650 2549
650 2586
651 1584
651 2179
653 938
654 782
654 1036
654 2161
654 2399
656 986
656 2013
658 1064
658 1722
658 1927
658 2107
659 1338
661 1219
661 2922
662 1363
662 1709
662 1885
662 1950
663 735
663 1092
663 2779
664 774
667 696
667 983
667 1030
667 2599
669 709
669 766
669 2085
670 1065
670 2968
671 955
671 1525
672 817
672 1797
672 1947
675 1224
677 866
677 2740
678 1548
678 2412
678 2543
679 852
680 865
680 1545
680 1839
680 2213
680 2438
680 2488
681 1683
681 2222
683 1272
683 2573
684 706
684 2594
685 868
685 1047
685 1447
685 2948
687 740
687 1096
687 1617
687 2176
687 2705
689 1384
689 1609
689 1812
689 2171
689 2430
689 2687
690 1549
691 1702
692 706
692 2035
693 1994
696 833
696 1412
696 2130
696 2370
696 2646
697 1337
697 1376
697 1823
698 736
698 815
698 837
698 1127
698 1275
698 1995
698 2099
698 2109
698 2125
698 2569
698 2599
698 2843
699 1770
700 714
700 971
700 1454
700 1497
700 1715
700 2068
700 2118
701 727
701 2171
701 2372
701 2546
702 711
702 823
702 1533
702 1716
702 2156
703 1128
703 1195
703 1871
704 1185
707 1933
707 2715
708 1266
709 1017
709 1053
710 1453
710 1748
711 897
711 1249
712 1114
713 2811
714 884
714 1346
714 2083
714 2212
714 2570
715 771
715 1009
715 2496
716 1040
716 1048
716 1928
716 2172
716 2501
716 2928
717 840
717 2012
718 987
718 1504
718 1708
718 1831
718 2635
718 2994
719 734
720 2115
721 1625
721 1912
722 822
722 861
722 1379
723 2939
724 1459
727 748
728 2801
728 2819
729 738
729 1165
729 2399
729 2736
730 1838
730 1943
730 2184
730 2454
731 1559
732 834
732 950
732 1054
732 1172
732 1635
732 1692
732 1894
732 1895
732 2059
732 2863
732 2886
733 1193
733 1451
733 1598
733 1862
733 2080
733 2745
734 1209
735 1057
735 1539
736 891
736 2834
739 1035
739 1059
739 1120
739 1475
739 1575
741 2514
743 950
743 1121
743 1139
743 1563
743 1612
744 844
744 1484
744 1729
744 2286
744 2305
744 2780
744 2939
745 796
745 858
745 1287
745 2762
746 1473
747 2384
748 904
748 2769
749 915
749 1277
749 2070
749 2978
750 2271
751 849
752 1395
752 2174
753 1111
754 2523
754 2842
756 1929
756 2319
757 792
757 1900
757 2170
758 900
758 1016
759 1158
761 2769
762 955
762 1068
762 1739
763 2014
764 1082
764 1439
764 1594
764 2295
764 2358
764 2854
765 851
765 1410
765 1833
765 1872
765 1875
765 2302
765 2551
765 2580
766 1262
766 1851
766 2231
766 2342
766 2415
767 796
767 1140
767 1307
767 1640
767 2718
767 2766
768 1069
768 1070
768 1181
769 1914
769 2436
770 931
770 1846
770 2363
771 1736
771 2347
772 917
773 2148
773 2437
775 798
775 1637
775 2775
775 2858
777 2694
779 844
779 1234
779 2050
780 888
780 1326
780 1854
781 873
781 1516
782 1070
782 1716
783 1999
783 2249
786 1284
786 2767
791 1807
791 2192
792 944
792 1084
794 853
794 1429
794 2276
798 1253
799 827
799 923
800 1771
803 1405
803 1806
803 2269
805 1301
805 1347
805 1427
806 936
806 1819
808 1684
809 2905
810 1556
810 2646
812 1059
812 2452
813 1589
814 2571
815 902
815 1321
816 2169
817 1395
817 1873
817 2621
818 1319
819 871
820 888
820 970
820 1129
821 1007
821 1713
822 1913
824 1041
824 1115
824 1265
824 1398
825 2986
826 1106
827 849
827 1112
827 1589
827 2997
828 2121
828 2164
828 2356
828 2996
829 1723
829 2395
829 2656
830 1045
834 959
834 2278
835 981
836 1349
836 2236
838 1430
838 1969
838 2216
838 2696
838 2713
839 978
840 1761
842 1072
842 2068
842 2344
842 2355
844 1061
844 2012
846 1570
846 2044
847 855
847 1198
847 1565
847 1671
847 1787
848 1068
848 1468
849 883
849 1214
849 2011
849 2632
849 2879
850 929
856 989
856 1852
857 908
857 921
857 954
857 1027
857 1234
857 1244
857 1520
857 1542
857 2046
857 2553
858 1629
858 2713
859 936
859 1014
859 1080
859 1490
860 1184
860 2071
860 2629
861 980
861 1461
861 1944
861 2694
862 1354
862 1425
862 2756
862 2963
863 2335
863 2570
864 1060
864 2946
866 1458
867 870
867 948
867 1876
867 2337
867 2822
869 2288
871 891
871 1609
871 1725
872 1102
873 934
873 1546
874 1573
874 2989
875 912
875 2390
875 2481
875 2707
876 898
876 2481
877 1937
877 2754
878 2951
879 1188
880 2884
882 973
882 1620
882 2274
883 2074
884 2142
886 1023
887 2297
889 1013
889 1593
890 1324
890 1642
890 1851
890 1941
891 2932
892 1362
895 1279
895 1725
896 1094
896 1117
896 1311
896 1440
896 1582
897 2860
898 1161
898 1745
898 2486
900 2697
900 2768
904 968
904 2124
904 2487
904 2818
906 1095
907 2315
908 2859
910 2244
910 2404
911 1596
911 1905
911 2291
913 1086
913 2491
917 1194
917 1368
918 1073
918 1352
919 923
925 1029
925 1108
925 1194
925 1492
928 984
928 2237
929 2663
930 1783
932 1501
932 2560
933 953
933 1651
933 2282
933 2320
936 1150
936 1198
936 1642
936 1750
936 2437
937 1075
937 1227
938 1062
938 1352
943 1154
943 1186
943 1811
943 2884
946 1731
946 2082
946 2382
947 1038
948 1017
948 1074
948 1114
948 1388
949 1597
949 2093
950 1292
950 2473
951 1163
951 1821
951 2277
951 2595
955 2494
956 1966
958 1769
961 1632
962 1418
962 1438
962 1606
962 2115
962 2289
962 2304
962 2983
963 1298
963 1978
963 2261
964 2037
965 1525
965 1977
965 2365
966 1221
966 1373
966 2392
966 2600
966 2971
967 996
967 1355
967 1452
967 1610
967 1955
969 1091
969 2526
969 2657
970 1233
970 1796
970 2841
972 1353
972 2448
972 2835
973 1697
975 996
975 1018
975 1101
975 1145
975 1367
975 1567
975 1580
975 1727
975 1967
975 2043
975 2205
975 2380
975 2575
976 1251
976 2109
976 2359
977 2551
977 2876
978 1259
979 1103
979 1228
979 1463
979 1764
979 2000
979 2530
980 2226
980 2770
981 999
983 2332
983 2578
984 2087
984 2091
984 2194
984 2431
987 1205
988 1552
988 1724
988 2044
988 2175
989 1212
989 1469
989 2309
989 2637
989 2889
989 2996
990 1130
990 2326
990 2451
994 1119
994 2003
996 1124
996 2951
998 2014
999 1669
999 2744
1001 1092
1001 1303
1001 1433
1001 1707
1001 2241
1001 2687
1003 1647
1003 1911
1006 1151
1006 1309
1006 2603
1006 2901
1007 2491
1007 2949
1008 1801
1009 1362
1011 1434
1012 1230
1012 1529
1012 2096
1012 2692
1014 1302
1014 1711
1015 1220
1015 1600
1015 2401
1017 2438
1018 1475
1019 1965
1020 1186
1021 1185
1021 1401
1021 2991
1022 2377
1023 1048
1023 1748
1024 1177
1025 1679
1026 1500
1026 1605
1026 2560
1028 1067
1028 2121
1029 1136
1029 1394
1029 1990
1029 2217
1032 1312
1033 1128
1033 2701
1035 1388
1036 2286
1036 2522
1037 1191
1038 1263
1038 2994
1039 2261
1040 1417
1042 1675
1042 2303
1043 1763
1044 1303
1047 2805
1050 1097
1050 2628
1053 2384
1054 2363
1055 2329
1056 1396
1056 1855
1057 1747
1057 2290
1057 2376
1058 1671
1059 2231
1060 1649
1061 1256
1061 1379
1061 2980
1062 2480
1066 1224
1066 1478
1067 1223
1067 2406
1067 2425
1068 1861
1068 1984
1069 1113
1069 2593
1070 1304
1070 1824
1075 1261
1075 1581
1075 2982
1076 2334
1078 1297
1079 1437
1082 1720
1082 1830
1082 1849
1082 1970
1083 1417
1083 1608
1083 2174
1083 2467
1084 1149
1084 1171
1084 1483
1084 2030
1085 1160
1085 1212
1085 2735
1086 1753
1086 1828
1086 2857
1087 1634
1087 2054
1087 2724
1088 1927
1090 2559
1091 2535
1091 2821
1092 2993
1093 2405
1094 1444
1094 2351
1097 1333
1097 2820
1099 2798
1100 1816
1100 2545
1101 2798
1104 1393
1105 2195
1108 1153
1108 1328
1108 1360
1108 2150
1108 2331
1108 2409
1108 2741
1111 2341
1112 1568
1112 2209
1112 2648
1114 1789
1114 1852
1114 2612
1114 2828
1115 1937
1115 2472
1117 2048
1118 1231
1118 1932
1119 2058
1120 2362
1122 1478
1123 1615
1124 1311
1125 1229
1125 1719
1130 1889
1131 1167
1131 2754
1133 2007
1133 2520
1135 1397
1135 2004
1135 2178
1137 1276
1137 2597
1138 1565
1138 2454
1138 2565
1139 2451
1143 1669
1144 1512
1144 2480
1146 1441
1146 2773
1146 2943
1147 2799
1148 1767
1150 2189
1150 2612
1151 1925
1153 2448
1154 1286
1154 2301
1154 2532
1156 1399
1157 2777
1158 1455
1160 1558
1160 1739
1160 2089
1160 2866
1161 1327
1161 1774
1161 2556
1162 1340
1163 1411
1163 1446
1163 1742
1164 1296
1165 1238
1165 1344
1165 1510
1165 2653
1166 1290
1167 2702
1168 2030
1170 2214
1171 1511
1171 1636
1171 2244
1172 1221
1175 2776
1176 2972
1179 1736
1180 1378
1181 2786
1182 1310
1182 1711
1182 1926
1182 2200
1182 2577
1183 1690
1184 2210
1186 1400
1186 1460
1186 1489
1186 2374
1186 2452
1187 2188
1188 1562
1190 1587
1190 2065
1190 2137
1194 1315
1194 1700
1194 1753
1194 1814
1194 2808
1194 2855
1195 1604
1197 2750
1197 2983
1198 2146
1198 2236
1201 1536
1202 1468
1202 1580
1202 1964
1202 2918
1203 1740
1206 2708
1207 1555
1209 1916
1209 2136
1210 1603
1210 2327
1210 2826
1211 2606
1213 1310
1214 1653
1214 2613
1216 1540
1217 2151
1217 2772
1221 1239
1221 1449
1221 1672
1222 1887
1223 2465
1223 2709
1224 1253
1226 1491
1226 1752
1226 2315
1227 1381
1227 1560
1227 2252
1229 2022
1234 1270
1234 2607
1235 2061
1236 2249
1236 2419
1236 2443
1237 1501
1238 1390
1238 2819
1242 2207
1242 2829
1243 1519
1243 1605
1244 2398
1245 1359
1245 1611
1245 2240
1245 2327
1246 1330
1246 2248
1247 1387
1247 1915
1249 1988
1249 2334
1251 2631
1254 1314
1254 2657
1255 2009
1256 1266
1256 2381
1258 1554
1258 2668
1258 2861
1259 1792
1259 2573
1260 1818
1260 2514
1261 1498
1261 1767
1261 2684
1263 1489
1263 1552
1263 1657
1264 1759
1264 2016
1264 2140
1264 2757
1264 2784
1268 1701
1269 2270
1270 1339
1271 1817
1271 1902
1271 2039
1271 2474
1272 2417
1273 2126
1274 1583
1274 2013
1274 2418
1276 2901
1277 1457
1279 1815
1280 1295
1280 1355
1282 1882
1283 1306
1283 1540
1283 2091
1283 2175
1284 1348
1284 2293
1285 1465
1285 1651
1285 2445
1285 2478
1290 1446
1291 1557
1291 1835
1291 1842
1295 2018
1295 2796
1295 2809
1295 2995
1300 1485
1301 1316
1301 1576
1301 1792
1301 2382
1301 2588
1302 2554
1303 1939
1304 2063
1304 2742
1308 1505
1308 1555
1309 2289
1309 2628
1311 2173
1312 2900
1313 1896
1313 2976
1314 2505
1314 2962
1315 2825
1317 1910
1317 2036
1317 2052
1320 2222
1321 1697
1321 1863
1321 2711
1322 2664
1323 1813
1323 2221
1323 2386
1323 2624
1328 1660
1330 1976
1330 2090
1330 2104
1330 2653
1330 2778
1332 2027
1333 2541
1334 1820
1334 2349
1334 2998
1336 1621
1336 2412
1338 1648
1339 1479
1339 2185
1340 1557
1340 1622
1340 2139
1342 1742
1343 2930
1345 1854
1346 1577
1346 1877
1346 2296
1346 2677
1347 2576
1348 1546
1349 2831
1350 1419
1351 1641
1351 2321
1352 2206
1353 2103
1354 1365
1354 2408
1357 1371
1358 2211
1359 1732
1362 1875
1362 2098
1365 2513
1367 1893
1367 2540
1369 2726
1369 2859
1370 1527
1370 2593
1372 1722
1372 1893
1372 2295
1373 2842
1376 2116
1377 2078
1377 2303
1377 2497
1377 2567
1377 2654
1377 2834
1379 1522
1379 1941
1379 2254
1379 2322
1379 2387
1379 2423
1380 1392
1380 1785
1381 1521
1383 2787
1384 1499
1384 1831
1385 1908
1385 2948
1387 1775
1388 2354
1388 2433
1388 2947
1389 2385
1392 1576
1392 1734
1392 2728
1393 1788
1393 2040
1396 1574
1396 2867
1398 1834
1398 2733
1399 1758
1401 1843
1401 2048
1402 2742
1404 1689
1406 1411
1406 1611
1406 1928
1406 1935
1406 2698
1406 2888
1411 1906
1412 2235
1415 2517
1416 2440
1416 2854
1417 1775
1417 2672
1419 1732
1419 2247
1420 1488
1420 1661
1420 1699
1420 1925
1420 2648
1421 2954
1424 2243
1425 1788
1425 2676
1425 2762
1430 2281
1430 2505
1432 1942
1433 2461
1433 2486
1434 2246
1436 2287
1437 1733
1437 2833
1437 2869
1438 1439
1439 1841
1439 2065
1441 2086
1442 2456
1443 1812
1443 1890
1443 2397
1443 2439
1444 2636
1444 2695
1447 1953
1447 2988
1449 1858
1451 2032
1451 2366
1452 2041
1452 2655
1452 2912
1453 2651
1457 2822
1457 2871
1458 1728
1458 1791
1458 2741
1458 2919
1462 2154
1464 2149
1465 2665
1467 1551
1468 1528
1470 2670
1471 2921
1473 1643
1474 2932
1476 1755
1476 1888
1476 2256
1476 2539
1477 1481
1478 1962
1479 1806
1480 2447
1480 2818
1482 1606
1482 2279
1485 1809
1485 2571
1487 1811
1490 1819
1494 1958
1495 2092
1495 2352
1496 2623
1497 2086
1497 2999
1498 1820
1500 2664
1500 2716
1501 2761
1502 1909
1502 2069
1502 2908
1504 1601
1504 1749
1504 1832
1504 1840
1504 2381
1505 2049
1505 2094
1512 2667
1514 1902
1515 1823
1518 2108
1518 2797
1520 2039
1521 1712
1521 2309
1523 1764
1525 1638
1525 2893
1525 2950
1526 1839
1526 2053
1527 2145
1528 2142
1529 1574
1530 1889
1530 1903
1530 2270
1531 2578
1531 2791
1531 2887
1532 1740
1535 2038
1536 1834
1536 2160
1537 2781
1538 2581
1541 2676
1546 1588
1549 2181
1550 2391
1552 2969
1556 1623
1556 2439
1557 2757
1559 1845
1562 2640
1564 1830
1565 2101
1566 2856
1567 2119
1567 2680
1568 2652
1569 2307
1570 1644
1570 2283
1572 1687
1572 1878
1572 2058
1573 1641
1574 2005
1574 2075
1574 2729
1575 2633
1576 2344
1583 1776
1584 1695
1584 2931
1585 1705
1586 2613
1590 1656
1590 1682
1591 1660
1591 1940
1591 2550
1593 1686
1593 1706
1595 1668
1595 1846
1596 1757
1596 2911
1597 2047
1597 2072
1599 2472
1600 2973
1601 2977
1603 2511
1605 1618
1605 2457
1606 2398
1606 2639
1607 2547
1608 2369
1609 1938
1609 2385
1610 1760
1612 2346
1615 1694
1615 2176
1615 2750
1617 1658
1617 2221
1621 1913
1621 2339
1624 2555
1624 2723
1625 2788
1627 2737
1631 1824
1631 2749
1635 2272
1635 2375
1635 2916
1640 1799
1641 2201
1642 1698
1642 2117
1642 2163
1642 2331
1642 2964
1645 1874
1645 2890
1651 2585
1657 1948
1657 1987
1657 2253
1657 2597
1658 2732
1660 1756
1661 2250
1663 2182
1663 2393
1666 1761
1666 2090
1671 2298
1672 1691
1673 1680
1675 1869
1680 2668
1680 2973
1681 2426
1683 2037
1684 2708
1686 2071
1686 2165
1686 2823
1687 1810
1688 1882
1688 2208
1696 2294
1696 2896
1700 1933
1700 2976
1704 2804
1712 2336
1713 1768
1715 2790
1716 2123
1716 2484
1721 1936
1725 2402
1725 2475
1727 2234
1729 2177
1734 1949
1734 2135
1734 2806
1734 2965
1737 1963
1737 2368
1739 1845
1739 2526
1740 1741
1741 1965
1741 2727
1746 2959
1750 2232
1752 1786
1752 2656
1754 2158
1756 2383
1766 1922
1766 2852
1767 1971
1768 2137
1769 2141
1774 2177
1774 2980
1775 1884
1777 1999
1779 1992
1779 2637
1780 2474
1782 2360
1783 2432
1783 2864
1785 2349
1792 2078
1794 1803
1794 2547
1799 2422
1799 2561
1802 2196
1802 2691
1805 2733
1808 1954
1808 2325
1810 2217
1814 2987
1820 2992
1824 1883
1825 2413
1825 2428
1825 2572
1826 2010
1831 2017
1831 2313
1831 2482
1831 2765
1831 2915
1836 2933
1841 2403
1841 2955
1842 2262
1842 2839
1845 2654
1845 2862
1846 2468
1851 2066
1851 2190
1851 2496
1851 2584
1853 2299
1856 2681
1856 2848
1856 2933
1867 2515
1869 2540
1871 2492
1876 2898
1878 2921
1886 2775
1897 2240
1898 2144
1902 1976
1902 2125
1902 2791
1904 1949
1904 2108
1908 2888
1919 1987
1921 2300
1921 2574
1922 2566
1922 2686
1923 2070
1923 2772
1925 2960
1927 2548
1928 2045
1929 2370
1930 2832
1932 2102
1932 2251
1932 2328
1932 2340
1943 2228
1943 2792
1944 2723
1945 2463
1947 2263
1949 2621
1950 1980
1950 2284
1950 2312
1950 2812
1951 2103
1952 2420
1953 2934
1960 2357
1961 2468
1963 2800
1964 2410
1965 2864
1967 2924
1971 2255
1971 2643
1978 2508
1979 2394
1980 2204
1980 2516
1982 2204
1982 2634
1985 2116
1985 2626
1989 1996
1991 2028
1992 2259
2001 2358
2006 2318
2010 2285
2011 2692
2021 2257
2021 2640
2022 2132
2023 2343
2031 2433
2032 2042
2032 2912
2034 2332
2036 2535
2038 2847
2038 2869
2052 2345
2053 2367
2056 2397
2060 2883
2060 2946
2063 2160
2063 2510
2063 2811
2065 2810
2069 2703
2070 2235
2070 2734
2071 2223
2074 2899
2075 2826
2081 2803
2083 2644
2084 2418
2084 2626
2086 2500
2087 2107
2087 2471
2087 2513
2088 2555
2089 2902
2094 2885
2095 2568
2103 2140
2105 2519
2106 2936
2112 2591
2115 2424
2116 2250
2116 2634
2121 2477
2123 2224
2125 2592
2127 2400
2132 2335
2134 2747
2135 2184
2140 2981
2143 2151
2143 2392
2143 2770
2145 2413
2150 2917
2150 2919
2151 2956
2152 2449
2152 2945
2158 2567
2158 2787
2159 2328
2159 2478
2159 2605
2160 2601
2165 2926
2169 2202
2169 2282
2169 2444
2170 2534
2171 2865
2177 2202
2180 2205
2189 2511
2189 2960
2190 2583
2190 2995
2191 2975
2195 2805
2197 2317
2197 2596
2197 2845
2198 2904
2209 2350
2213 2781
2219 2314
2219 2364
2236 2868
2246 2609
2250 2752
2251 2837
2265 2913
2268 2658
2269 2611
2282 2333
2287 2702
2290 2372
2290 2793
2292 2935
2293 2581
2294 2308
2294 2675
2297 2641
2298 2748
2306 2759
2324 2771
2330 2831
2331 2518
2332 2386
2337 2735
2337 2765
2339 2850
2340 2718
2342 2434
2342 2557
2345 2559
2351 2661
2352 2449
2352 2700
2359 2421
2364 2803
2366 2565
2375 2875
2376 2568
2380 2693
2380 2851
2385 2477
2388 2698
2394 2816
2395 2861
2401 2517
2403 2660
2403 2897
2413 2759
2413 2827
2421 2949
2422 2483
2424 2696
2425 2815
2426 2483
2429 2442
2429 2954
2431 2731
2431 2872
2432 2789
2436 2745
2436 2807
2439 2747
2453 2743
2466 2682
2469 2744
2472 2814
2472 2993
2477 2721
2487 2794
2488 2489
2495 2941
2496 2522
2507 2645
2507 2685
2507 2726
2512 2563
2513 2749
2515 2693
2520 2840
2526 2947
2530 2782
2530 2891
2541 2987
2543 2824
2557 2606
2563 2938
2572 2773
2577 2815
2581 2957
2582 2838
2586 2835
2587 2616
2614 2801
2631 2690
2636 2659
2637 2937
2646 2913
2677 2817
2677 2979
2679 2850
2682 2876
2697 2927
2768 2774
2786 2910
2841 2942
2871 2958
2876 2889
2881 2892
2886 2970
