8
0 2
0 5
0 9
0 11
0 13
0 14
0 24
0 26
0 54
0 61
0 66
0 81
0 103
0 130
0 154
0 156
0 164
0 181
0 203
0 207
0 225
0 277
0 279
0 286
0 291
0 341
0 381
0 460
0 504
0 518
0 542
0 583
0 737
0 829
0 999
0 1024
0 1046
0 1051
0 1053
0 1067
0 1096
0 1144
0 1148
0 1164
0 1173
0 1202
0 1248
0 1269
0 1351
0 1393
0 1396
0 1406
0 1462
0 1518
0 1524
0 1541
0 1636
0 1729
0 1777
0 2097
0 2180
0 2460
0 2714
0 2715
0 2720
0 2968
0 3088
0 3089
0 3280
0 3380
0 3413
0 3552
0 3624
0 3631
0 3666
0 3698
0 3772
0 3829
0 3865
0 3877
0 3878
0 3895
0 3931
0 3991
0 4204
0 4295
0 4340
0 4412
0 4419
1 2
1 3
1 5
1 6
1 7
1 8
1 9
1 18
1 21
1 28
1 30
1 32
1 36
1 41
1 45
1 48
1 54
1 72
1 79
1 85
1 86
1 90
1 92
1 97
1 104
1 111
1 113
1 121
1 127
1 132
1 134
1 138
1 149
1 178
1 180
1 199
1 225
1 232
1 250
1 261
1 264
1 266
1 284
1 285
1 297
1 308
1 325
1 360
1 372
1 393
1 424
1 440
1 442
1 446
1 447
1 450
1 479
1 481
1 488
1 506
1 507
1 512
1 513
1 521
1 540
1 549
1 561
1 564
1 578
1 592
1 593
1 671
1 702
1 707
1 716
1 764
1 778
1 787
1 808
1 811
1 873
1 878
1 881
1 885
1 907
1 920
1 935
1 964
1 992
1 1123
1 1155
1 1203
1 1237
1 1317
1 1334
1 1335
1 1414
1 1440
1 1467
1 1486
1 1503
1 1588
1 1645
1 1675
1 1687
1 1723
1 1728
1 1735
1 1822
1 1860
1 1890
1 1994
1 2020
1 2026
1 2060
1 2076
1 2100
1 2104
1 2146
1 2155
1 2187
1 2213
1 2219
1 2292
1 2323
1 2336
1 2345
1 2366
1 2409
1 2467
1 2518
1 2533
1 2538
1 2544
1 2585
1 2591
1 2789
1 2790
1 2929
1 3018
1 3034
1 3103
1 3131
1 3147
1 3152
1 3158
1 3180
1 3185
1 3269
1 3277
1 3338
1 3357
1 3456
1 3474
1 3534
1 3537
1 3645
1 3729
1 3804
1 3818
1 3825
1 3862
1 3885
1 3952
1 4040
1 4099
1 4121
1 4126
1 4150
1 4293
1 4320
1 4377
1 4380
1 4410
1 4437
2 3
2 4
2 7
2 12
2 17
2 41
2 42
2 49
2 50
2 51
2 77
2 84
2 95
2 98
2 106
2 107
2 108
2 110
2 119
2 151
2 152
2 173
2 213
2 253
2 257
2 263
2 282
2 340
2 342
2 388
2 389
2 400
2 403
2 406
2 419
2 426
2 455
2 458
2 475
2 495
2 530
2 589
2 694
2 724
2 762
2 779
2 825
2 826
2 909
2 926
2 975
2 1025
2 1027
2 1127
2 1135
2 1197
2 1216
2 1283
2 1321
2 1329
2 1354
2 1364
2 1419
2 1455
2 1503
2 1571
2 1577
2 1666
2 1684
2 1730
2 1798
2 1853
2 1917
2 1960
2 1966
2 1983
2 2005
2 2019
2 2079
2 2083
2 2106
2 2144
2 2229
2 2278
2 2323
2 2356
2 2457
2 2487
2 2564
2 2592
2 2598
2 2601
2 2645
2 2652
2 2700
2 2748
2 2840
2 3026
2 3059
2 3097
2 3130
2 3289
2 3333
2 3373
2 3482
2 3492
2 3498
2 3585
2 3589
2 3635
2 3642
2 3806
2 3911
2 3954
2 3960
2 4019
2 4021
2 4039
2 4106
2 4122
2 4138
2 4194
2 4256
2 4268
2 4278
3 4
3 8
3 15
3 22
3 71
3 73
3 75
3 125
3 179
3 212
3 227
3 251
3 304
3 336
3 357
3 613
3 614
3 638
3 673
3 675
3 693
3 758
3 782
3 846
3 903
3 1000
3 1049
3 1152
3 1496
3 1529
3 1567
3 1640
3 1689
3 1714
3 2147
3 2252
3 2544
3 2582
3 2887
3 3660
3 3691
3 4060
4 6
4 10
4 12
4 13
4 15
4 16
4 20
4 32
4 33
4 68
4 69
4 92
4 96
4 121
4 134
4 137
4 169
4 188
4 219
4 224
4 251
4 273
4 295
4 299
4 300
4 335
4 344
4 363
4 426
4 429
4 445
4 489
4 545
4 547
4 551
4 576
4 630
4 672
4 682
4 698
4 700
4 763
4 793
4 820
4 876
4 879
4 908
4 946
4 1043
4 1081
4 1091
4 1121
4 1218
4 1242
4 1244
4 1256
4 1267
4 1268
4 1271
4 1291
4 1341
4 1357
4 1366
4 1389
4 1412
4 1431
4 1434
4 1493
4 1496
4 1533
4 1543
4 1805
4 1863
4 1879
4 1924
4 1962
4 2128
4 2152
4 2191
4 2241
4 2255
4 2313
4 2373
4 2404
4 2410
4 2458
4 2490
4 2524
4 2720
4 2756
4 2816
4 2875
4 3098
4 3244
4 3330
4 3345
4 3371
4 3437
4 3504
4 3526
4 3559
4 3702
4 3716
4 3925
4 4075
4 4078
4 4079
4 4112
4 4120
4 4425
5 14
5 19
5 20
5 37
5 44
5 66
5 82
5 101
5 114
5 119
5 126
5 151
5 155
5 195
5 198
5 235
5 269
5 275
5 370
5 383
5 484
5 490
5 502
5 520
5 568
5 711
5 745
5 1056
5 1066
5 1163
5 1213
5 1251
5 1258
5 1451
5 1466
5 1486
5 1510
5 1561
5 1563
5 1586
5 1617
5 1654
5 1804
5 1876
5 1939
5 1997
5 2008
5 2085
5 2112
5 2134
5 2163
5 2191
5 2378
5 2665
5 2925
5 2940
5 3003
5 3004
5 3021
5 3125
5 3131
5 3182
5 3282
5 3296
5 3366
5 3387
5 3590
5 3678
5 3942
6 10
6 11
6 19
6 27
6 29
6 51
6 57
6 94
6 104
6 115
6 141
6 145
6 178
6 210
6 215
6 219
6 229
6 241
6 248
6 256
6 262
6 287
6 305
6 348
6 380
6 384
6 417
6 421
6 424
6 517
6 539
6 543
6 658
6 743
6 817
6 886
6 982
6 1022
6 1058
6 1088
6 1089
6 1103
6 1156
6 1210
6 1280
6 1348
6 1390
6 1418
6 1472
6 1500
6 1547
6 1599
6 1624
6 1703
6 1745
6 1826
6 1904
6 1919
6 1943
6 2004
6 2026
6 2162
6 2168
6 2604
6 2614
6 2623
6 2997
6 2999
6 3024
6 3098
6 3106
6 3308
6 3388
6 3461
6 3586
6 3799
6 3854
6 3912
6 4107
6 4166
6 4478
7 25
7 91
7 182
7 192
7 200
7 249
7 258
7 270
7 301
7 304
7 435
7 457
7 459
7 687
7 773
7 780
7 1003
7 1099
7 1627
7 1677
7 1733
7 1808
7 1984
7 2216
7 2343
7 2651
7 2892
7 2895
7 2956
7 3050
7 3175
7 3683
7 3714
7 3860
7 3873
7 4101
8 34
8 52
8 75
8 99
8 105
8 114
8 160
8 194
8 211
8 223
8 243
8 324
8 401
8 414
8 832
8 1150
8 1199
8 1262
8 1320
8 1397
8 1772
8 1964
8 2254
8 2258
8 2680
8 2852
8 2860
8 2979
8 3195
8 3315
8 3417
8 4183
8 4277
9 22
9 23
9 33
9 158
9 216
9 230
9 408
9 428
9 463
9 505
9 507
9 595
9 680
9 749
9 754
9 821
9 846
9 970
9 1035
9 1036
9 1037
9 1164
9 1420
9 1430
9 1436
9 1448
9 1544
9 1744
9 1918
9 1981
9 2280
9 2322
9 2534
9 2611
9 2691
9 2878
9 2899
9 3805
9 4192
9 4334
10 21
10 64
10 72
10 80
10 90
10 191
10 247
10 265
10 293
10 312
10 320
10 473
10 552
10 605
10 633
10 952
10 1101
10 1274
10 1358
10 1375
10 1564
10 1619
10 1930
10 2574
10 2610
10 2697
10 2704
10 3084
10 3107
10 3132
10 3172
10 3407
10 3682
10 3683
10 3966
10 4321
11 812
11 940
11 1123
12 16
12 40
12 43
12 105
12 115
12 149
12 190
12 234
12 239
12 267
12 278
12 331
12 405
12 442
12 474
12 508
12 598
12 629
12 710
12 887
12 894
12 906
12 974
12 1108
12 1250
12 1422
12 1432
12 1441
12 1471
12 1548
12 1607
12 1620
12 1702
12 1707
12 1914
12 2063
12 2223
12 2689
12 2751
12 3064
12 3072
12 3081
12 3139
12 3206
12 3414
12 3426
12 3431
12 3650
12 3951
12 3963
12 4418
12 4467
13 76
13 100
13 441
13 462
13 590
13 1305
13 1329
13 1340
13 1431
13 1477
13 1861
13 1907
13 2556
13 2802
13 3199
13 3209
13 3617
13 4146
13 4190
13 4347
14 24
14 110
14 123
14 175
14 182
14 191
14 245
14 252
14 280
14 377
14 469
14 607
14 661
14 666
14 821
14 1159
14 1481
14 1509
14 1568
14 2080
14 2152
14 2619
14 2740
14 3349
14 3481
14 3613
14 3891
14 3996
14 4100
14 4260
14 4298
15 17
15 18
15 25
15 34
15 35
15 40
15 47
15 55
15 58
15 62
15 63
15 85
15 87
15 93
15 109
15 125
15 143
15 195
15 214
15 303
15 308
15 363
15 365
15 390
15 425
15 477
15 482
15 492
15 494
15 500
15 501
15 532
15 577
15 581
15 603
15 646
15 647
15 668
15 682
15 723
15 742
15 744
15 763
15 795
15 843
15 862
15 876
15 905
15 937
15 1116
15 1129
15 1177
15 1293
15 1299
15 1378
15 1405
15 1421
15 1512
15 1513
15 1578
15 1592
15 1658
15 1667
15 1686
15 1712
15 1800
15 1989
15 1996
15 2025
15 2046
15 2051
15 2181
15 2218
15 2225
15 2276
15 2453
15 2500
15 2528
15 2600
15 2622
15 2738
15 2788
15 2825
15 2849
15 2906
15 2990
15 3021
15 3049
15 3067
15 3160
15 3314
15 3407
15 3420
15 3423
15 3653
15 3688
15 3752
15 3774
15 3781
15 3812
15 3841
15 3880
15 4208
15 4250
15 4273
15 4297
15 4345
15 4374
15 4397
16 23
16 26
16 65
16 84
16 160
16 163
16 210
16 276
16 332
16 406
16 465
16 503
16 508
16 519
16 523
16 563
16 588
16 746
16 791
16 810
16 889
16 910
16 943
16 1021
16 1060
16 1330
16 1632
16 1718
16 1746
16 1951
16 2021
16 2022
16 2237
16 2427
16 2552
16 2662
16 2841
16 3343
16 3408
16 3476
16 3495
16 3930
16 4004
16 4158
16 4200
16 4497
17 39
17 71
17 73
17 132
17 133
17 254
17 263
17 487
17 516
17 962
17 1033
17 1039
17 1215
17 1665
17 1682
17 1789
17 2185
17 2783
17 2821
17 3270
17 3436
17 3721
17 3922
17 3976
18 302
18 1204
18 1387
18 2479
18 2523
18 2650
19 30
19 31
19 61
19 74
19 88
19 128
19 130
19 142
19 186
19 255
19 321
19 337
19 352
19 384
19 427
19 767
19 985
19 1076
19 1130
19 1272
19 1415
19 1521
19 1721
19 1877
19 2465
19 2722
19 2809
19 3035
19 3113
19 3154
19 3286
19 3952
19 3977
19 3989
19 4165
19 4180
19 4227
19 4302
19 4460
20 38
20 39
20 64
20 78
20 111
20 209
20 289
20 378
20 407
20 678
20 866
20 937
20 949
20 971
20 1033
20 1273
20 1453
20 1547
20 1864
20 1886
20 1950
20 1957
20 1958
20 2319
20 2430
20 2536
20 2607
20 3170
20 3446
20 3636
20 3747
20 3988
21 27
21 29
21 31
21 46
21 50
21 82
21 124
21 238
21 271
21 385
21 416
21 541
21 593
21 597
21 643
21 854
21 881
21 963
21 1072
21 1178
21 1237
21 1255
21 1377
21 1467
21 1482
21 1519
21 1585
21 1724
21 1731
21 1917
21 1952
21 2001
21 2050
21 2198
21 2440
21 2542
21 2894
21 3234
21 3456
21 3518
21 3915
21 4179
21 4358
21 4438
21 4449
22 28
22 57
22 67
22 112
22 147
22 168
22 228
22 281
22 310
22 374
22 523
22 563
22 597
22 624
22 685
22 712
22 1028
22 1182
22 1582
22 1885
22 1948
22 2093
22 2531
22 3046
22 3085
22 3192
22 3306
22 3339
22 3393
22 4004
22 4202
23 83
23 135
23 313
23 509
23 1022
23 1083
23 1918
23 2224
23 2267
23 2321
23 3077
23 3292
23 4002
24 35
24 38
24 129
24 168
24 234
24 294
24 397
24 552
24 723
24 753
24 769
24 797
24 901
24 1157
24 1206
24 2159
24 2338
24 2624
24 3296
24 3474
24 3593
24 3703
24 4063
25 55
25 146
25 564
25 839
25 918
25 925
25 1602
25 1847
25 2106
25 2114
25 2394
25 3882
25 4125
26 36
26 49
26 179
26 238
26 322
26 329
26 371
26 509
26 600
26 602
26 610
26 1011
26 1052
26 1492
26 1772
26 1870
26 1871
26 2432
26 2937
26 3123
26 3266
26 3563
26 3953
26 4082
26 4455
27 37
27 45
27 46
27 129
27 137
27 140
27 145
27 153
27 196
27 320
27 359
27 496
27 565
27 580
27 814
27 898
27 958
27 1119
27 1205
27 1561
27 1665
27 1737
27 1857
27 1900
27 1985
27 2105
27 2493
27 2586
27 2868
27 3248
27 3704
27 3935
27 4181
27 4319
28 171
28 208
28 266
28 268
28 269
28 575
28 1203
28 1247
28 2661
28 3354
29 48
29 52
29 231
29 367
29 732
29 834
29 1192
29 1622
29 2002
29 2089
29 2383
29 2425
29 2541
29 3350
29 3513
29 4346
30 42
30 44
30 53
30 69
30 272
30 676
30 738
30 967
30 1289
30 1346
30 1416
30 1550
30 1759
30 2024
30 2072
30 2520
30 2598
30 2630
30 2643
30 2923
30 3095
30 3543
30 3550
30 4127
30 4162
31 62
31 77
31 152
31 226
31 242
31 296
31 323
31 365
31 417
31 610
31 651
31 880
31 976
31 1345
31 1538
31 1744
31 1988
31 2285
31 2420
31 2539
31 2631
31 2897
31 3017
31 3332
31 3480
31 3660
31 3701
31 3786
31 3849
31 3877
31 3976
31 4134
31 4217
32 68
32 176
32 222
32 243
32 297
32 443
32 1083
32 1265
32 1357
32 1904
32 2238
32 2301
32 2307
32 2507
32 2984
33 60
33 162
33 684
33 1006
33 1100
33 1202
33 1271
33 1291
33 1292
33 1507
33 1776
33 1848
33 3028
33 3376
33 3980
33 4020
33 4239
33 4337
34 59
34 70
34 107
34 189
34 301
34 364
34 617
34 926
34 1001
34 1052
34 1315
34 1470
34 2036
34 2238
34 2509
34 2569
34 3259
34 3340
34 3876
34 3998
34 4296
35 58
35 120
35 176
35 252
35 285
35 482
35 486
35 1098
35 1245
35 1780
35 2494
35 2738
35 2832
35 3136
35 3374
35 3764
36 98
36 190
36 530
36 575
36 612
36 808
36 965
36 1004
36 1187
36 1426
36 1681
36 1705
36 1974
36 2084
36 2112
36 2149
36 2330
36 3087
36 4106
36 4167
37 56
37 60
37 91
37 326
37 400
37 566
37 616
37 725
37 1248
37 1380
37 1391
37 1647
37 1802
37 2590
37 3002
37 3201
37 3335
37 3430
37 3661
37 4431
37 4447
38 188
38 311
38 460
38 554
38 975
38 1105
38 1495
38 1654
38 1690
38 2128
38 2139
38 2836
38 2874
38 2924
38 3163
39 146
39 291
39 398
39 1294
39 1850
39 3462
40 43
40 548
40 608
40 662
40 1132
40 1721
40 1787
40 2275
40 2849
40 2918
40 3806
40 3913
40 4009
41 65
41 118
41 131
41 141
41 185
41 618
41 688
41 739
41 854
41 868
41 1195
41 1231
41 1762
41 1848
41 1972
41 2716
41 3301
41 3394
41 4090
42 120
42 124
42 155
42 250
42 390
42 453
42 658
42 661
42 718
42 805
42 1236
42 1257
42 1595
42 1710
42 1786
42 1951
42 2198
42 2207
42 2688
42 2885
42 3465
42 4066
42 4104
43 53
43 112
43 202
43 386
43 438
43 444
43 730
43 746
43 1207
43 1210
43 1333
43 1422
43 1469
43 1952
43 2011
43 2469
43 2736
43 3137
43 3706
43 3790
43 4002
43 4124
43 4266
44 47
44 56
44 113
44 135
44 166
44 180
44 353
44 391
44 419
44 478
44 684
44 1331
44 1542
44 1610
44 1717
44 1782
44 1801
44 2647
44 3514
44 3700
44 4031
44 4420
45 259
45 819
45 1664
45 2546
45 3055
46 86
46 758
46 1514
46 1906
46 2387
47 122
47 157
47 230
47 231
47 292
47 379
47 820
47 906
47 1088
47 1183
47 1838
47 2266
47 2576
47 2753
47 2853
47 3010
47 3589
47 3815
48 59
48 76
48 80
48 185
48 451
48 459
48 461
48 462
48 505
48 572
48 586
48 811
48 860
48 890
48 935
48 947
48 1063
48 1104
48 1225
48 1261
48 1297
48 1463
48 1629
48 1915
48 2678
48 3185
48 3341
48 3387
48 3646
48 3674
48 4007
48 4073
48 4136
49 89
49 362
49 404
49 435
49 722
49 913
49 1133
49 1134
49 1457
49 1504
49 1977
49 2214
49 2455
49 2863
49 2929
49 3186
49 3245
49 3323
49 4223
50 4003
51 81
51 165
51 253
51 255
51 299
51 329
51 383
51 511
51 627
51 753
51 768
51 823
51 985
51 1674
51 1867
51 2088
51 2179
51 2251
51 2537
51 2604
51 2847
51 2923
51 3079
51 3486
51 3751
51 3933
51 4181
51 4398
51 4423
52 4037
53 395
53 619
53 810
53 896
53 930
53 1263
53 1367
53 1947
53 2291
53 2502
53 2644
53 3188
53 3383
54 67
54 89
54 204
54 543
54 984
54 1034
54 1181
54 1252
54 1537
54 1569
54 1650
54 2469
54 2701
54 2813
54 2964
54 3811
54 3866
54 3956
54 4186
54 4263
55 102
55 108
55 144
55 623
55 865
55 3424
55 3621
55 3852
55 4493
56 96
56 142
56 187
56 203
56 317
56 342
56 350
56 366
56 376
56 399
56 418
56 457
56 557
56 750
56 751
56 864
56 924
56 1011
56 1102
56 1146
56 1193
56 1264
56 1296
56 1377
56 1462
56 1595
56 1934
56 1979
56 2228
56 2272
56 2679
56 2810
56 3318
56 3497
56 3554
56 3617
56 3946
56 4341
56 4376
57 70
57 88
57 148
57 172
57 177
57 181
57 258
57 423
57 430
57 467
57 555
57 649
57 877
57 879
57 963
57 1054
57 1368
57 1421
57 1491
57 1507
57 1699
57 2084
57 2284
57 3095
57 3249
57 3864
57 4064
58 79
58 296
58 428
58 596
58 848
58 924
58 951
58 1211
58 2761
58 2857
58 3276
58 3417
58 3577
58 4029
58 4059
58 4198
58 4257
59 74
59 101
59 116
59 173
59 194
59 217
59 410
59 511
59 515
59 537
59 972
59 1238
59 1751
59 2073
59 2168
59 2507
59 2870
59 2953
59 3419
59 3448
59 3634
60 63
60 97
60 103
60 109
60 244
60 309
60 345
60 430
60 514
60 616
60 631
60 653
60 759
60 784
60 818
60 836
60 910
60 1049
60 1081
60 1106
60 1259
60 1270
60 1374
60 1447
60 1464
60 1487
60 1508
60 1528
60 1746
60 1777
60 1865
60 1989
60 1991
60 2127
60 2406
60 2671
60 3003
60 3242
60 3320
60 3461
60 3524
60 3528
60 3538
60 3579
60 3665
60 3686
60 3823
60 3827
60 4058
60 4077
60 4171
60 4386
61 157
62 99
62 278
62 465
62 549
62 942
62 1364
62 1401
62 1850
62 3097
62 3139
62 3155
62 3576
62 3854
62 4137
62 4229
63 78
63 83
63 172
63 283
63 315
63 487
63 540
63 685
63 756
63 778
63 907
63 1201
63 1307
63 1358
63 1549
63 1743
63 1972
63 1993
63 2324
63 2389
63 2466
63 2603
63 3007
63 3163
63 3190
63 3208
63 3286
63 3293
63 3633
63 3834
63 3998
63 4233
63 4262
64 260
64 429
64 550
64 839
64 897
64 1235
64 1480
64 1485
64 2388
64 2595
64 3328
64 3789
65 170
65 305
65 562
65 741
65 916
65 1134
65 1782
65 2292
65 2443
66 117
66 184
66 581
66 683
66 719
66 788
66 807
66 870
66 1144
66 1438
66 1663
66 1912
66 2187
66 2190
66 2220
66 2655
66 2988
66 3553
66 3625
66 4144
66 4275
67 517
67 827
67 3175
67 3791
67 3802
68 138
68 218
68 222
68 276
68 277
68 322
68 472
68 553
68 560
68 574
68 659
68 716
68 859
68 977
68 1006
68 1138
68 1214
68 1499
68 1766
68 2122
68 2497
68 2743
68 3162
68 3521
68 3659
68 3835
68 3846
68 3850
68 3940
69 174
69 240
69 710
69 826
69 1826
69 2279
69 2492
69 2969
69 3928
69 4293
70 122
71 102
71 139
71 167
71 229
71 369
71 655
71 719
71 1056
71 1156
71 1382
71 1385
71 1437
71 1626
71 1741
71 1901
71 1926
71 2515
71 2814
71 3261
71 3300
71 3364
71 3398
71 4366
72 94
72 189
72 264
72 275
72 348
72 447
72 456
72 470
72 493
72 573
72 1149
72 1211
72 1959
72 2197
72 2242
72 2730
72 2967
72 3086
72 3586
72 3858
72 4186
73 1316
73 2311
73 2405
73 3333
73 4245
74 87
74 147
74 504
74 546
74 631
74 860
74 1257
74 1409
74 1773
74 2023
74 2795
74 2953
75 988
75 1381
75 3051
76 117
76 150
76 867
76 2667
76 2755
76 3002
76 3955
77 444
77 697
77 783
77 1168
77 1923
77 1932
77 3169
77 4115
78 143
78 150
78 452
78 483
78 586
78 754
78 909
78 939
78 1077
78 1424
78 1553
78 1608
78 1677
78 1808
78 2138
78 3269
78 3340
78 3411
79 139
79 371
79 584
79 699
79 715
79 733
79 741
79 914
79 1313
79 1766
79 2462
79 3135
79 3190
79 3855
79 4036
79 4283
79 4460
80 223
80 1413
80 2031
80 3199
81 144
81 162
81 742
81 798
81 1116
81 1282
81 1586
81 1628
81 1708
81 1794
81 1898
81 2378
81 2424
81 2817
81 3042
81 3552
81 3637
81 3970
81 4170
81 4369
81 4381
82 106
82 133
82 136
82 177
82 404
82 997
82 1630
82 2123
82 2906
82 2975
82 3523
83 842
83 911
83 1141
83 1180
83 1322
83 3972
83 4111
84 116
84 295
84 544
84 607
84 1693
84 1829
84 2283
84 3945
85 410
85 768
85 1459
85 1670
85 1931
85 1967
85 2368
85 3479
85 3598
86 209
86 328
86 382
86 499
86 532
86 548
86 637
86 713
86 785
86 872
86 903
86 1100
86 1319
86 1385
86 1663
86 1881
86 2007
86 2253
86 2288
86 2423
86 2830
86 2836
86 3229
86 3508
86 3529
86 3687
86 3980
86 4272
86 4330
87 1313
87 1392
87 2537
87 2695
87 3342
88 3298
88 3572
89 216
89 218
89 240
89 343
89 1694
89 1779
89 2393
89 3902
89 4173
90 95
90 154
90 161
90 192
90 233
90 279
90 298
90 451
90 592
90 609
90 702
90 725
90 751
90 1032
90 1255
90 1324
90 1518
90 2100
90 2120
90 2157
90 2195
90 2620
90 2943
90 3213
90 3264
90 3432
90 3496
90 3580
91 197
91 205
91 217
91 256
91 318
91 374
91 395
91 399
91 411
91 476
91 529
91 535
91 554
91 939
91 1063
91 1082
91 1225
91 1579
91 1796
91 1827
91 1843
91 2015
91 2057
91 2061
91 2211
91 2248
91 2377
91 2827
91 2881
91 3111
91 3142
91 3223
91 3673
91 3703
91 4416
92 93
92 123
92 131
92 136
92 167
92 187
92 200
92 202
92 261
92 268
92 351
92 421
92 594
92 649
92 697
92 836
92 841
92 847
92 914
92 989
92 1152
92 1320
92 1350
92 1726
92 1794
92 2239
92 2306
92 2414
92 2558
92 3116
92 3172
92 3502
92 3607
92 3722
92 3800
92 4117
93 100
93 163
93 247
93 274
93 300
93 433
93 485
93 847
93 927
93 1655
93 1849
93 2199
93 2233
93 2461
93 2512
93 3046
93 3129
93 3273
93 3549
93 4271
93 4367
94 2796
95 127
95 128
95 354
95 376
95 571
95 605
95 761
95 837
95 869
95 921
95 1423
95 1650
95 1680
95 2129
95 2305
95 3502
95 3888
96 245
96 525
96 527
96 748
96 760
96 1747
96 2018
96 2035
96 4128
96 4487
97 246
97 336
97 360
97 640
97 690
97 1012
97 1768
97 1924
97 1973
97 2102
97 3078
97 4113
98 237
98 306
98 657
98 660
98 1183
98 1187
98 1956
98 2778
98 2867
98 3849
99 183
99 206
99 288
99 398
99 449
99 467
99 620
99 990
99 1028
99 1105
99 1132
99 1250
99 1432
99 1639
99 1645
99 2120
99 2193
99 2264
99 2641
99 2739
99 3550
99 4100
99 4315
100 236
100 679
100 772
100 786
100 1695
100 1874
100 2131
100 2989
100 3557
101 161
101 380
101 518
101 535
101 966
101 1166
101 1908
101 2353
101 2768
101 4276
101 4378
102 313
102 998
102 2003
102 2464
102 3113
102 3339
102 3893
102 4144
102 4302
103 260
103 973
103 974
103 1332
103 1693
103 3294
104 204
104 440
104 626
104 1086
104 1215
104 1394
104 1545
104 1795
104 2064
104 2081
104 2245
104 3478
105 392
105 722
105 807
105 1790
105 1895
105 3418
106 158
106 207
106 226
106 293
106 294
106 331
106 339
106 347
106 391
106 412
106 664
106 832
106 893
106 916
106 1044
106 1136
106 1208
106 1309
106 1342
106 1398
106 1505
106 1571
106 1700
106 1781
106 2166
106 2436
106 2674
106 2794
106 2820
106 2909
106 2911
106 3737
107 227
107 611
107 997
107 2616
107 3076
107 3434
108 159
108 236
108 242
108 364
108 475
108 525
108 572
108 634
108 776
108 794
108 841
108 976
108 1107
108 1442
108 3431
108 3453
108 3556
108 3969
108 4310
108 4428
109 777
109 1807
110 1894
111 267
111 681
111 1245
111 2029
111 2067
111 2242
111 2632
111 2883
111 3433
111 3685
112 478
112 625
112 1157
112 1285
112 1524
112 1911
112 2113
113 118
113 333
113 1814
113 1961
113 4047
114 239
114 248
114 338
114 414
114 673
114 948
114 951
114 1513
114 2388
115 166
115 3124
115 3159
116 696
116 2590
117 343
117 394
117 473
117 646
117 1428
117 2703
117 3446
117 3518
117 4281
118 337
118 779
118 1423
118 4436
119 615
119 1241
119 1698
119 2338
120 148
120 645
120 1822
121 186
121 528
121 601
121 639
121 840
121 1135
121 1341
121 1594
121 1701
121 1784
121 2033
121 2234
121 2311
121 2350
121 2374
121 2845
121 3224
121 3376
121 3557
121 3606
121 3932
121 4342
122 126
122 140
122 169
122 316
122 378
122 528
122 606
122 904
122 1001
122 1026
122 1332
122 1369
122 1527
122 1551
122 1569
122 1992
122 2153
122 2415
122 2958
122 3355
122 3547
122 3765
122 4125
122 4286
123 687
124 159
124 221
124 280
124 546
124 986
124 1141
124 1506
124 3878
124 3925
125 1137
125 1953
125 3720
125 4043
126 422
126 800
126 1008
126 1073
126 1306
126 1784
126 1938
126 2352
126 2360
126 3386
126 3847
126 3869
126 4185
126 4261
126 4402
127 220
127 531
127 1760
127 3063
127 4208
128 1294
128 1765
129 312
129 318
129 571
129 965
129 1005
129 1180
129 1252
129 1286
129 1474
129 1750
129 1827
129 1899
129 2031
129 2419
129 2972
129 3000
129 3070
129 3211
129 3396
130 165
130 211
130 480
130 604
130 941
130 1097
130 1293
130 1299
130 2320
130 3011
130 3831
130 4353
131 215
131 330
131 689
131 761
131 901
131 1085
131 1630
131 2034
131 2959
131 3250
131 3254
131 3310
131 3329
131 3543
131 3932
132 314
132 353
132 356
132 671
132 952
132 1019
132 1280
132 1995
132 2062
132 2101
132 3028
132 3848
133 201
133 347
133 372
133 431
133 551
133 659
133 1460
133 1535
133 1718
133 2681
133 2982
133 3058
133 4391
134 448
134 480
134 574
134 622
134 972
134 991
134 1862
134 2164
134 2172
134 2183
134 2463
134 2851
134 2928
134 3169
134 4227
134 4462
135 2890
135 3753
136 830
136 1050
136 1978
136 2689
136 2957
136 3713
136 3928
137 382
137 558
137 618
137 1415
137 1646
137 1749
137 2683
137 2936
137 3228
137 3237
137 3506
138 1929
138 2806
139 468
139 2510
140 627
140 1227
140 2525
141 1498
141 1709
141 2023
142 857
142 1573
142 2589
142 4358
143 335
144 175
144 193
144 241
144 282
144 303
144 579
144 648
144 765
144 1095
144 1409
144 1473
144 2033
144 2558
144 2746
144 2966
144 3380
144 3898
144 4210
144 4364
144 4404
145 1085
147 1773
147 4204
148 770
148 774
148 1386
148 2314
148 4263
148 4383
149 290
149 432
149 805
149 1318
149 1356
149 1532
149 1541
149 1975
149 2554
149 2944
149 3105
149 3780
149 4400
150 153
150 156
150 164
150 270
150 547
150 591
150 1018
150 1050
150 1536
150 3425
151 892
151 1031
151 2763
152 638
152 691
152 3379
152 3864
152 4016
153 183
153 193
153 2389
153 3433
153 3707
154 298
154 3307
155 656
155 757
155 3578
157 197
157 1898
157 3221
157 3378
157 3843
157 4240
157 4375
158 403
158 686
159 170
159 196
159 373
159 585
159 591
159 721
159 1220
159 1384
159 1386
159 1666
159 1670
159 2258
159 2324
159 2371
159 2719
159 2823
159 3181
159 3223
159 3232
159 3362
159 3429
159 3988
159 4415
160 198
160 819
160 1172
162 621
162 843
162 2110
162 3948
162 4119
163 174
163 213
163 630
163 705
163 781
163 1672
163 1785
163 2056
163 2354
163 2357
163 2435
163 2512
163 2920
163 3248
163 3322
163 4096
164 171
164 513
164 533
164 676
164 691
164 1007
164 1047
164 1371
164 1526
164 2485
164 3334
164 3783
165 375
165 471
165 498
165 639
165 686
165 816
165 969
165 987
165 1124
165 1168
165 1249
165 1433
165 1802
165 1866
165 2169
165 2543
165 2965
165 3018
165 3623
165 3680
165 3689
165 3797
165 3809
165 4055
166 184
166 220
166 501
166 644
166 856
166 919
166 1414
166 1587
166 1714
166 1971
166 2056
166 2147
166 2192
166 2587
166 2669
166 3124
166 3412
166 3488
166 3500
166 3836
166 3942
166 4213
166 4259
166 4285
166 4314
167 1998
167 2340
167 2471
167 2938
169 2375
169 3421
170 443
170 461
170 747
170 1230
170 1383
170 2008
170 2459
170 2625
170 2633
170 3180
170 3347
171 392
171 1038
171 3152
171 4332
172 259
172 1531
172 1891
172 4265
173 323
173 375
173 580
173 650
173 1860
173 1997
173 2095
173 2489
173 2666
173 2784
173 3043
173 3215
173 3252
173 3317
173 4405
174 1015
175 351
175 789
175 875
175 1624
175 2200
175 2670
175 3233
175 3801
176 895
176 1790
176 1968
177 235
177 665
177 900
177 1652
177 1793
177 1892
177 1901
177 2504
177 2942
177 3276
178 201
178 228
178 679
178 720
178 733
178 773
178 828
178 960
178 964
178 1024
178 1179
178 1260
178 1308
178 1360
178 1514
178 1659
178 1813
178 1858
178 1919
178 2588
178 3188
178 3611
178 3763
178 3802
178 4215
178 4479
179 321
179 3239
179 3725
180 206
180 333
180 472
180 1476
180 1903
180 3672
180 3891
181 208
181 2162
181 2298
181 2902
182 640
182 947
182 1778
182 3494
182 4206
183 534
183 1140
183 1450
183 1853
183 2620
183 2786
183 2873
184 317
184 652
184 744
184 828
184 1847
184 2057
184 2219
184 2639
184 3267
184 3481
185 1153
185 2361
185 2909
185 4060
186 262
186 359
186 491
186 559
186 695
186 931
186 1222
186 1285
186 1435
186 1452
186 2265
186 2531
186 2760
186 4075
186 4118
186 4443
187 2010
188 272
188 402
188 529
188 724
188 1300
188 1585
188 3150
189 437
189 1328
189 1572
189 1691
189 2215
189 2281
189 2792
189 2985
190 214
190 669
190 760
190 1004
190 1142
190 1763
190 2079
190 2521
190 2824
190 3884
191 249
191 667
191 670
191 957
191 993
191 1021
191 1066
191 1131
191 1450
191 1685
191 2347
191 2533
191 2961
191 3195
192 205
192 221
192 309
192 346
192 432
192 930
192 1502
192 1559
192 2498
192 2504
192 2552
192 3187
193 199
193 556
193 585
193 814
193 880
193 988
193 1339
193 1653
193 1685
193 1829
193 2122
193 2673
193 2926
193 2944
193 2966
193 3618
193 4064
193 4140
195 224
195 350
195 438
195 579
195 603
195 1407
195 1445
195 1603
195 1615
195 1907
195 2131
195 2148
195 2428
195 3955
196 1488
196 1490
196 1673
196 1810
196 2299
196 2649
196 2704
196 2846
196 3401
196 3551
197 1278
197 1370
197 1407
197 2712
197 2914
197 3390
198 484
198 721
198 967
198 1494
198 1656
198 2548
198 3353
198 3643
198 4088
198 4212
199 273
199 598
199 602
199 707
199 1143
199 1159
199 1676
199 2239
199 3875
200 434
200 521
200 983
200 1145
200 1373
200 1590
200 2498
200 2752
200 3348
200 4160
200 4225
201 512
201 752
201 1120
201 2027
201 2111
201 2734
201 3542
201 3972
201 4135
201 4254
202 396
202 1258
202 1564
202 2257
203 212
203 257
203 469
203 510
203 1276
203 1530
203 1600
203 1657
203 2306
203 2429
204 389
204 433
204 439
204 497
204 545
204 728
204 749
204 1391
204 1613
204 1770
204 1868
204 2622
204 2722
204 2880
204 2915
204 2962
204 3318
204 3382
204 3544
204 4386
205 349
205 4042
205 4265
206 290
206 332
206 1175
206 1361
206 1403
206 2416
206 3108
206 3324
206 3457
206 3596
206 3835
206 3909
207 271
207 289
207 577
207 594
207 662
207 1322
207 2442
207 3030
207 3450
208 325
208 599
208 942
208 2935
209 966
209 3096
210 2226
211 314
211 316
211 326
211 446
211 562
211 632
211 861
211 1002
211 1226
211 1305
211 1402
211 1791
211 2062
211 2402
211 2407
211 2484
211 2877
211 2974
211 4017
211 4274
212 452
212 1626
212 1896
212 1899
212 2724
212 3908
212 3997
213 246
213 557
213 759
213 835
213 995
213 1058
213 1604
213 1635
213 2333
213 2446
213 2485
213 2516
213 2542
213 2881
213 3198
213 3200
213 3537
213 3656
214 232
214 2572
214 2774
215 641
215 1612
215 1855
215 3729
216 2450
217 790
217 1098
217 1162
217 2028
218 292
218 637
218 735
218 1216
218 1254
218 1581
218 1961
218 2364
218 3255
218 4109
219 604
219 680
219 902
219 2165
219 2173
219 3625
219 3696
219 3769
221 1126
221 1190
221 1288
221 1370
221 3695
221 4074
222 449
222 1219
222 3299
222 4201
223 1242
223 2629
224 233
224 237
224 369
224 813
224 1369
224 1374
224 2414
224 3747
224 4268
225 2538
227 1171
228 274
228 553
228 1279
228 1337
228 1338
228 1752
228 2009
228 3312
228 3566
228 3910
228 4057
230 302
230 328
230 642
230 788
230 1161
230 1719
230 2081
230 2916
230 3150
230 3406
230 3896
230 4279
230 4299
230 4399
231 244
231 307
231 961
231 1087
231 2525
231 2941
231 3326
231 3512
231 3789
231 4372
232 254
232 362
232 615
232 1399
232 2674
232 3495
232 3752
232 3809
233 356
233 1920
234 311
234 502
234 708
234 1583
234 4297
235 281
235 857
235 1122
235 1456
235 1755
235 2016
235 2339
235 2891
235 2945
235 3210
235 3665
236 2908
236 3650
237 1204
237 1935
237 2594
237 3118
237 4131
238 340
238 423
238 595
238 780
238 800
238 941
238 1065
238 1232
238 1363
238 1816
238 3427
238 3692
238 3713
238 3899
239 3320
240 882
240 990
240 1856
240 3302
241 584
242 306
242 355
242 367
242 436
242 802
242 3235
242 4342
243 327
243 386
243 601
243 677
243 1335
243 1482
243 1717
243 2043
243 2274
243 2293
243 2830
243 3007
243 3071
243 3174
243 3395
243 3442
243 3471
243 4461
244 288
244 355
244 388
244 493
244 776
244 922
244 962
244 1456
244 1471
244 2032
244 2051
244 2417
244 2755
244 4200
245 310
245 346
245 366
245 486
245 845
245 959
245 1032
245 1078
245 1267
245 1805
245 1837
245 2429
245 2905
245 3066
245 3230
245 3405
245 3562
245 3600
245 3710
245 3776
245 4013
245 4142
245 4450
246 3192
247 368
247 385
247 1184
247 1436
247 1634
247 1664
247 1957
247 2124
247 2647
247 2688
247 2844
247 2952
247 3267
247 3293
247 4389
248 265
248 349
248 522
248 734
248 875
248 1192
248 1408
248 1817
248 2006
248 2134
248 2155
248 2470
248 2649
248 3073
248 3096
248 3530
248 4033
248 4053
248 4065
249 284
249 497
249 1166
250 1495
250 3370
251 324
251 334
251 537
251 899
251 918
251 1643
251 1754
251 2407
251 3654
251 3719
251 3821
251 4126
251 4196
252 402
252 704
252 1730
252 1973
252 2259
252 3639
254 2361
254 4017
254 4290
257 344
257 542
257 816
257 829
257 831
257 1199
257 1599
257 2266
257 2271
257 2325
257 2672
257 2785
257 2985
257 3645
258 307
258 339
258 458
258 583
258 783
258 1317
258 1534
258 2132
258 2779
258 3155
258 4176
258 4285
259 503
259 992
259 1089
259 1738
259 1844
259 1982
259 2053
259 2260
259 3167
260 666
260 934
260 1078
260 1208
260 1301
260 1934
260 2052
260 2183
260 2963
261 283
261 492
261 917
261 2166
261 2431
261 3284
261 4422
262 596
262 737
262 801
262 1526
262 1857
262 1986
262 3316
263 4123
264 445
264 804
264 1532
264 1991
264 3690
264 3828
264 3957
265 358
265 488
265 550
265 739
265 1614
265 1619
265 1866
265 2201
265 2615
265 3383
265 3525
265 3603
266 327
266 1009
266 1538
266 1737
269 286
269 377
269 544
269 2838
270 822
271 2006
271 2619
271 4083
271 4158
272 1228
272 1922
272 2961
272 3082
272 4303
273 381
273 408
273 466
273 2519
273 3678
273 4030
274 341
274 4264
275 456
275 718
275 855
275 1158
275 1345
275 2780
275 2813
275 3922
276 396
276 1688
276 1979
277 287
277 352
277 387
277 1477
277 3119
277 3658
277 4157
278 334
278 1147
279 379
279 559
279 1133
279 1955
279 3100
280 387
281 831
281 1359
281 1483
281 3310
282 2459
282 2782
282 4247
283 2391
283 2638
283 2682
283 2728
283 3196
283 4395
284 370
284 413
284 2129
284 2264
284 2308
284 2920
284 2934
285 463
285 496
285 510
285 524
285 570
285 690
285 700
285 809
285 953
285 1502
285 1865
285 1998
285 2096
285 2605
285 3069
285 3812
285 4249
286 538
286 641
286 933
286 978
286 1916
286 2245
286 2783
286 4185
287 330
287 1287
287 1869
287 2099
287 2732
287 3352
287 4067
288 450
288 498
288 1868
288 2280
288 3609
289 1616
289 2215
289 2346
289 2562
290 413
290 416
290 692
290 994
290 1383
290 1959
290 2318
290 2627
290 2730
290 2925
290 2927
290 3539
290 4071
292 345
292 1963
292 3335
293 526
293 1155
293 1506
293 3031
293 3254
294 1148
295 468
295 795
295 799
295 1734
295 1920
295 2426
295 2508
295 2737
295 2764
295 2844
295 2986
295 3378
296 625
296 1408
296 2506
296 3194
296 4135
298 541
298 709
299 427
299 464
299 650
299 1318
299 1944
299 1993
299 2167
299 3029
299 3114
299 3404
299 3668
299 4326
300 1165
300 1314
300 2045
300 3530
301 455
301 520
301 1034
301 2396
303 2710
304 1173
304 3402
305 319
305 354
305 397
305 664
305 669
305 1662
305 1897
305 3798
305 3948
305 4172
306 863
306 1692
306 1703
306 2000
306 3208
307 315
307 714
307 1077
307 1336
307 2118
307 2369
307 4160
308 624
308 693
308 872
308 1189
308 1213
308 1537
308 1607
308 2355
308 3449
308 3471
308 3664
309 454
309 567
309 770
309 943
309 3149
310 474
310 622
310 911
310 1892
310 2210
310 2686
310 2894
310 3300
310 3321
310 4182
311 717
311 1880
311 2277
312 407
312 477
312 792
312 1005
312 2348
312 3038
312 3640
313 495
313 539
313 1191
313 1209
313 1223
313 1427
313 1825
313 2317
313 3520
313 4236
313 4311
314 361
314 1283
314 1344
314 1406
314 2529
314 2659
314 3288
314 3475
315 536
315 786
315 1960
315 2589
315 3541
316 1239
316 3491
317 319
317 3231
318 995
318 1075
318 2828
318 3297
318 3364
318 3473
319 701
319 2296
319 2638
319 2886
319 3924
320 3919
320 4090
321 499
321 500
321 533
321 1327
321 2042
321 2135
321 2246
321 2267
321 2371
321 2717
321 3351
321 3504
321 4300
322 358
322 437
322 538
322 565
322 699
322 1025
322 2159
322 2673
322 3101
322 3693
324 894
324 1361
324 1579
324 2312
324 2870
324 4104
326 1039
326 1079
326 1176
326 1662
326 2182
326 2310
326 2434
326 2617
326 2893
326 3319
326 3573
326 3887
327 2524
327 2596
328 785
328 2444
328 3314
328 4195
329 338
329 415
329 674
329 825
329 874
329 1930
329 2453
329 2455
329 2473
329 2488
329 2714
329 3140
329 3259
330 2952
331 357
331 813
332 1598
332 2015
332 2614
332 3546
332 3820
333 845
334 420
334 979
334 1087
334 1735
334 3746
334 4374
335 434
335 628
335 833
335 1226
335 1743
335 2017
335 2088
335 2642
335 2858
335 3429
335 4012
335 4084
335 4323
335 4373
335 4494
336 405
336 412
336 713
336 1435
336 2879
336 4312
337 1380
338 789
338 848
338 1013
338 3206
339 938
339 1800
339 3455
340 393
340 409
340 489
340 806
340 1174
340 1517
340 2206
340 2495
340 3634
340 3687
340 4320
341 368
341 668
341 3052
342 411
342 667
342 804
342 969
342 1046
342 1410
342 1560
342 1844
342 2095
342 3068
342 3673
342 3738
342 4329
343 1113
343 1593
343 1757
343 2882
343 4154
344 670
344 2725
344 4457
345 361
345 415
345 522
345 608
345 633
345 806
345 864
345 945
345 1026
345 1031
345 1055
345 1154
345 1402
345 1618
345 1652
345 1678
345 1842
345 1936
345 1968
345 2067
345 2302
345 2529
345 2580
345 2642
345 2677
345 2690
345 2846
345 2903
345 2981
345 3043
345 3045
345 3077
345 3093
345 3489
345 3936
345 3958
345 4288
345 4344
345 4363
346 401
346 799
346 3044
346 3400
347 569
347 663
347 1269
347 1350
347 1556
347 1578
347 2094
347 2663
347 2795
347 2872
347 3075
347 3210
347 3219
347 3381
347 3765
347 3853
347 3859
348 481
348 853
348 1012
348 1055
348 1118
348 1151
348 2931
348 3281
348 3651
350 506
350 573
350 858
350 958
350 1000
350 1420
350 1825
350 2342
350 2808
350 3268
350 3288
350 3897
351 454
351 1069
351 3934
352 556
352 2136
352 2411
352 3844
353 1170
353 2024
353 2040
353 3572
354 1090
354 1891
354 2967
354 3532
355 1104
355 2758
355 2777
355 2971
356 648
356 2367
356 2914
357 765
357 2843
357 3022
357 4373
358 394
358 422
358 567
358 851
358 1023
358 1217
358 1365
358 2785
358 3441
358 3941
358 4145
359 476
359 587
359 717
359 824
359 838
359 1118
359 1676
359 1779
359 2047
359 2188
359 2427
359 2470
359 2563
359 2970
359 2991
359 3414
359 3517
359 3577
359 3983
359 4406
360 1122
360 1188
360 1389
360 1888
360 2316
360 3061
360 3415
360 3475
360 3926
361 1520
361 2373
361 3243
362 623
362 747
362 946
362 3568
362 4098
363 621
363 2064
363 2220
363 2294
363 2501
363 3006
363 3755
363 4403
364 373
364 524
364 701
364 882
364 915
364 1254
364 1334
364 1353
364 1931
364 1940
364 2482
364 2753
364 2873
364 2917
364 2950
364 3045
364 3263
364 3295
364 3359
364 3361
364 4413
364 4449
364 4471
365 933
365 1169
365 2493
365 2527
365 2712
365 3008
365 4007
365 4326
366 578
366 2287
366 3133
367 439
367 1010
367 1079
367 2727
367 4238
368 850
368 1298
368 1325
368 1472
368 1570
368 2196
368 2268
368 2403
368 2479
368 3212
368 3499
368 3697
368 3816
370 409
370 772
370 1147
370 2658
370 2751
370 3183
370 3226
371 1020
372 448
372 453
372 1539
372 1566
372 1738
372 3133
372 3616
372 3685
374 1003
374 1051
374 1235
374 1282
374 1921
374 3145
375 431
375 1071
375 2076
375 2329
375 2362
375 2922
375 4243
376 441
376 1347
376 2763
376 3595
377 726
377 1841
377 2630
377 2699
377 3262
377 3781
377 4006
377 4163
378 514
378 740
378 801
378 803
378 1030
378 1783
378 3193
378 3545
380 1331
380 1881
381 589
381 775
381 1200
381 1218
382 4412
383 536
383 599
383 1246
383 1382
383 1688
383 1975
384 418
384 681
384 1523
384 2509
384 2618
384 3564
384 4343
385 665
385 726
385 1010
385 1045
385 1125
385 1872
385 4213
386 614
386 1674
387 1480
387 3822
388 1602
388 2359
388 3857
389 787
389 1515
391 632
391 878
391 2316
391 2797
391 3390
392 809
392 1044
392 1372
392 1400
392 2193
392 3435
392 3787
393 569
393 3472
393 4025
394 466
394 636
394 928
394 1138
394 1479
394 1584
394 2684
394 3455
395 436
395 479
395 1042
395 1910
395 1990
395 2119
395 2549
395 3415
395 4087
395 4179
395 4427
395 4453
396 1323
396 1424
396 1644
396 1780
396 2447
396 2608
396 2706
396 3032
396 4228
397 1290
397 3336
397 3684
397 3814
397 4425
398 555
398 570
398 757
398 1867
398 2153
398 3174
398 3247
398 3272
398 3413
398 4156
400 534
400 890
400 913
400 1041
400 1169
400 2341
400 2903
400 3283
400 3510
400 4173
402 1061
402 1240
402 2758
402 3741
403 1260
403 2075
403 3257
404 1404
404 2230
405 2133
405 3444
405 4094
406 1445
406 2141
406 2227
406 2263
406 2575
406 2579
406 2865
406 2904
406 3385
407 582
407 4191
409 2225
409 3894
409 4184
410 672
410 1696
410 2445
412 689
412 838
412 1142
412 1366
412 1494
412 1720
412 2060
412 2326
412 4220
413 491
413 777
413 912
413 929
413 954
413 1178
413 1196
413 1236
413 1778
413 1897
413 2020
413 2197
413 2662
413 2685
413 3246
413 3316
413 3912
414 420
414 606
414 634
414 1946
414 2114
414 2400
414 3773
415 856
415 2055
415 4362
416 1040
416 1534
416 2699
416 2992
416 4420
417 425
417 887
417 3347
417 3627
417 3978
417 4276
418 2158
420 464
420 516
420 628
420 703
420 1175
420 1818
420 2199
420 2800
420 3220
420 3325
420 4046
420 4242
420 4360
422 2157
422 2464
422 3036
423 896
423 1182
423 3014
423 3297
424 1351
424 2760
425 1648
425 2955
426 1426
427 561
427 764
427 769
427 2098
427 2180
427 3230
428 471
429 1295
430 1416
430 2545
431 1798
432 728
432 960
432 2719
433 470
433 653
433 1403
433 3068
433 3203
433 3666
433 3754
434 1115
434 1562
434 2297
434 3443
434 3450
435 1179
435 2019
435 3304
435 3592
436 677
436 1277
436 3247
437 576
437 1029
437 2618
437 2880
437 2977
437 2984
437 3080
437 3093
438 656
438 692
438 2476
438 2729
438 3881
439 859
439 956
439 1206
439 1454
439 3400
440 1856
440 2218
440 2561
440 4307
441 1084
441 2441
441 3887
442 1535
442 1661
443 885
443 4199
443 4223
444 775
444 977
444 1308
445 652
445 1170
445 2530
445 2705
445 3830
446 531
446 1020
446 1323
446 1590
446 1821
446 2054
446 2310
446 3305
446 3799
447 1543
447 2055
447 2466
447 4422
448 644
448 715
448 1037
448 1201
448 1207
448 1428
448 1633
448 1942
448 2582
448 3510
448 3514
448 4239
448 4454
448 4466
449 485
449 704
449 1429
449 3845
450 791
450 2038
451 932
452 1668
452 2268
452 2725
452 4033
453 1274
453 1278
453 1592
453 1974
453 2376
453 3118
453 3243
454 793
454 889
454 1014
454 2077
454 2978
455 519
455 982
455 1304
455 2273
455 2330
455 3527
455 4142
456 527
456 1233
456 1886
456 2049
456 2247
456 2351
456 2536
456 3907
457 483
457 657
457 905
457 2446
457 2532
457 3048
457 3321
457 3863
458 767
458 824
458 1190
458 2194
458 3597
458 4174
459 1126
460 1443
460 1946
460 3743
461 613
461 651
461 922
461 981
461 1074
461 1264
461 1302
461 1343
461 1544
461 1631
461 1655
461 1878
461 2243
461 2608
461 3054
461 3677
461 3739
461 4076
461 4305
461 4497
462 1284
462 1679
462 1864
462 1873
462 2557
462 3027
462 3062
462 4328
463 1246
463 1633
463 2077
463 2401
463 2527
463 2877
463 3236
464 2874
464 3946
465 2848
466 490
466 883
466 993
466 3696
466 3961
467 1336
467 2069
467 2416
467 2882
467 3613
467 3782
467 4392
468 2675
468 3311
468 3807
469 803
469 2059
470 675
470 1112
470 3853
471 3027
472 1111
472 3054
472 3294
472 3596
473 2396
473 3993
474 991
474 1627
474 1678
474 2766
474 3004
474 3048
474 3102
474 3303
474 3337
474 4281
474 4306
475 1110
475 1125
475 1143
475 1493
475 2625
476 1804
476 2304
478 1117
479 588
479 698
479 720
479 729
479 1016
479 1659
479 2353
479 3023
479 3760
479 3791
479 3962
479 4042
480 797
481 1189
481 1508
481 2034
481 2930
481 3166
481 3212
481 4289
481 4309
482 515
482 2110
482 3892
483 2021
483 2456
483 3365
484 2379
485 1232
485 2499
485 3237
486 979
486 3202
486 4463
487 1162
487 1425
487 2138
487 2441
487 2506
488 2167
488 2260
489 771
489 1043
489 1833
490 526
490 893
490 1887
490 2178
490 2866
490 3171
491 2154
491 2583
491 2829
491 3705
491 3793
491 4311
492 835
492 1057
492 2092
492 3137
492 3624
492 3959
493 494
493 919
493 1613
493 1859
493 2227
493 3984
494 2300
494 4103
494 4143
495 956
495 1247
495 3179
496 802
496 1160
496 1196
496 2365
496 2435
496 2636
496 3279
496 3331
496 4394
497 612
497 642
497 784
497 812
500 731
500 957
500 1982
501 626
501 727
502 1837
503 750
505 1828
505 2609
506 1880
506 4237
509 755
509 756
509 940
509 1621
509 2143
509 2411
510 678
510 863
510 1464
510 1572
510 1683
510 1756
510 2117
510 2256
510 2380
510 2550
510 2678
510 2706
510 2776
510 3571
510 3756
510 3888
510 4063
510 4300
510 4318
511 1076
511 1375
511 1631
511 3121
511 3538
511 3815
511 4152
512 2025
512 2907
512 3274
512 3962
513 600
513 1713
513 3616
514 1312
514 2422
514 3047
514 3742
514 4357
515 884
515 2731
516 1461
516 3114
516 4368
517 743
517 1002
517 2998
517 3033
517 3183
517 3559
517 4044
518 619
518 2871
518 3602
518 4118
519 694
519 877
519 895
519 1137
519 1954
519 3092
519 3742
519 4014
519 4397
520 1458
521 2503
521 4082
521 4201
522 745
522 1064
522 1243
522 2990
522 3039
522 3187
522 3736
522 4399
522 4446
523 568
523 712
523 732
523 755
523 1476
523 1553
523 3734
523 4130
524 636
524 1326
524 4472
525 3127
525 3362
525 3751
525 3890
527 654
527 1229
527 2087
527 2812
528 1167
528 2074
528 2739
528 4403
529 1879
529 2082
529 2660
529 2853
530 1146
530 1517
530 3546
530 3555
531 928
531 1356
531 1751
531 2130
532 635
532 730
532 736
532 790
532 830
532 852
532 1300
532 2189
532 4034
532 4295
533 560
533 1240
533 1781
534 1349
534 2002
535 582
535 2710
535 3629
536 932
536 968
536 2041
537 2408
537 2617
537 3612
537 4244
538 1591
538 1762
538 2579
538 2707
538 3992
539 2771
539 3669
540 566
540 867
540 2208
540 4434
541 1986
542 1444
543 1449
543 1803
543 1985
543 2635
543 2895
543 2900
543 3266
543 3771
543 3778
543 3813
545 2503
546 1093
546 4385
547 590
548 1727
548 1758
548 2837
548 3533
548 4410
549 558
549 1575
549 1840
549 3938
549 4221
550 1969
551 703
551 1981
551 2679
551 2862
552 3974
553 611
553 1497
553 1625
553 2203
553 2577
553 3588
553 4149
554 1268
555 1516
555 1980
556 2390
556 4054
557 1448
557 1673
557 1769
557 1945
557 2186
557 2460
558 794
558 1704
558 2073
558 2212
559 2833
559 4362
561 1597
562 818
562 1442
562 1765
562 1795
562 1835
562 2143
562 2269
562 2290
562 3793
563 892
563 1616
563 1836
563 2209
563 3524
563 4139
563 4154
564 731
564 762
564 1509
564 2161
565 850
565 1176
565 1909
565 2097
565 2669
565 3602
565 3839
567 617
567 1131
567 1273
567 1342
567 1754
568 620
568 2126
568 3873
569 1288
569 1639
569 2232
569 2767
569 3890
569 3897
570 629
570 2566
570 3438
571 1241
573 1222
573 1591
573 2029
573 2855
573 3119
573 4301
574 1474
574 1523
574 2450
576 1710
576 1715
576 1884
576 2495
576 2711
576 2807
577 2502
577 3122
578 674
578 949
578 2553
578 3222
579 683
579 1200
579 1243
579 1983
579 2275
579 2721
579 3138
579 3926
581 1859
581 3453
583 2671
583 3040
583 3468
583 3633
583 4407
584 705
584 1372
584 1832
585 2627
586 587
586 1484
586 1706
586 2666
586 2764
586 2898
587 1275
588 645
588 695
588 729
588 766
588 980
588 1062
588 1094
588 1107
588 1110
588 1637
588 2650
588 2683
588 2717
588 3101
588 3218
588 3968
590 862
590 1071
590 2521
590 3801
590 4078
591 647
591 1530
591 1771
591 1799
591 2337
591 2476
591 2587
591 3090
591 3821
591 3930
591 4348
591 4418
592 609
592 663
592 874
592 1554
592 1681
592 1726
592 2001
592 2896
592 3493
592 4429
593 1109
593 3700
593 4067
594 1646
594 1649
595 4140
596 1522
596 3982
597 1343
597 1815
598 781
598 2564
599 635
599 3499
600 1596
600 1921
601 1281
601 2499
601 4351
602 654
602 4172
604 2907
604 2940
605 1628
605 1923
605 3822
606 869
606 1905
606 2066
606 2265
606 2528
606 2602
606 3662
608 2133
608 2262
608 3643
609 2273
609 2878
610 2802
610 3287
611 1443
611 2839
611 3494
611 4044
612 815
612 886
612 1042
612 1197
612 1465
612 1511
612 1883
612 1945
612 2395
612 2458
612 3106
612 3115
612 3798
612 4136
613 1601
613 3867
614 920
614 1174
614 2111
614 2615
614 3520
614 3679
614 3852
615 1487
615 2186
615 3662
615 3993
615 4439
616 961
616 2490
617 871
617 1774
617 2602
617 3265
617 3303
618 944
618 1281
618 1404
618 2856
618 4001
618 4061
619 1566
619 2379
619 4015
621 1470
621 2804
622 688
622 1466
622 2584
622 2799
622 3867
623 1614
623 3865
623 4089
626 643
626 1080
626 1515
626 2610
627 660
627 2421
627 3876
628 1638
628 2170
628 3065
628 3920
629 925
629 998
629 1015
629 1558
629 2105
629 2746
629 3205
629 3553
630 2462
632 752
632 994
632 1696
632 1704
632 1809
632 2233
632 3072
632 3581
632 3934
633 1093
633 1413
633 1870
633 2156
633 3569
634 2910
634 3273
634 4346
635 655
635 1090
635 3025
635 3356
636 945
636 1109
636 1793
636 3910
637 1139
637 1623
637 1956
637 2150
637 2229
637 2974
637 4177
637 4291
638 1217
639 1019
639 1970
640 842
640 2475
640 3076
641 899
641 927
641 1099
641 1325
641 1836
641 2127
641 2145
641 2348
641 2562
641 2709
641 3970
642 1289
642 2793
643 3776
644 708
644 4180
644 4490
645 1667
645 1797
646 3459
647 2113
647 2203
647 3105
647 4271
648 1008
649 2230
650 1376
650 1531
650 1550
650 2549
650 2586
650 3493
650 4146
651 1584
651 2179
651 3721
653 938
653 3372
653 4414
654 782
654 1036
654 2161
654 2399
655 3344
656 986
656 2013
656 4073
658 1064
658 1722
658 1927
658 2107
658 3895
658 4414
659 1338
661 1219
661 2922
661 3837
661 3927
661 4008
662 1363
662 1709
662 1885
662 1950
662 3486
663 735
663 1092
663 2779
663 3768
663 3834
663 3889
663 3916
663 4476
664 774
667 696
667 983
667 1030
667 2599
668 4008
669 709
669 766
669 2085
669 3024
669 3305
669 3496
669 3767
669 4308
670 1065
670 2968
671 955
671 1525
671 3278
672 817
672 1797
672 1947
673 3808
675 1224
677 866
677 2740
678 1548
678 2412
678 2543
679 852
679 4324
680 865
680 1545
680 1839
680 2213
680 2438
680 2488
681 1683
681 2222
683 1272
683 2573
683 4038
684 706
684 2594
684 4467
685 868
685 1047
685 1447
685 2948
685 4270
687 740
687 1096
687 1617
687 2176
687 2705
688 3487
689 1384
689 1609
689 1812
689 2171
689 2430
689 2687
690 1549
691 1702
691 4216
692 706
692 2035
692 4164
693 1994
693 3404
696 833
696 1412
696 2130
696 2370
696 2646
696 3261
697 1337
697 1376
697 1823
697 3107
697 3492
697 4061
698 736
698 815
698 837
698 1127
698 1275
698 1995
698 2099
698 2109
698 2125
698 2569
698 2599
698 2843
698 3301
698 3338
698 3595
698 3974
699 1770
700 714
700 971
700 1454
700 1497
700 1715
700 2068
700 2118
700 3548
700 3594
700 4163
700 4313
700 4439
700 4459
701 727
701 2171
701 2372
701 2546
702 711
702 823
702 1533
702 1716
702 2156
702 3816
702 4430
703 1128
703 1195
703 1871
703 4128
704 1185
704 4109
705 3398
705 4485
707 1933
707 2715
707 3337
707 3422
708 1266
708 3290
709 1017
709 1053
709 4426
710 1453
710 1748
710 3262
710 3348
710 3458
710 3601
710 3640
711 897
711 1249
711 3994
712 1114
713 2811
713 3918
713 4119
714 884
714 1346
714 2083
714 2212
714 2570
714 3522
714 3547
715 771
715 1009
715 2496
716 1040
716 1048
716 1928
716 2172
716 2501
716 2928
716 3041
716 3829
716 4037
717 840
717 2012
718 987
718 1504
718 1708
718 1831
718 2635
718 2994
718 3421
718 3796
719 734
720 2115
721 1625
721 1912
721 3065
721 3451
722 822
722 861
722 1379
722 3041
722 3760
723 2939
724 1459
725 3740
727 748
728 2801
728 2819
729 738
729 1165
729 2399
729 2736
729 3574
729 4269
730 1838
730 1943
730 2184
730 2454
730 4338
731 1559
732 834
732 950
732 1054
732 1172
732 1635
732 1692
732 1894
732 1895
732 2059
732 2863
732 2886
732 3779
732 3868
732 3951
732 3965
732 4041
733 1193
733 1451
733 1598
733 1862
733 2080
733 2745
733 3086
734 1209
734 3560
735 1057
735 1539
735 4046
736 891
736 2834
736 4009
739 1035
739 1059
739 1120
739 1475
739 1575
739 3990
739 4120
740 3055
740 3755
740 4485
741 2514
743 950
743 1121
743 1139
743 1563
743 1612
743 3648
744 844
744 1484
744 1729
744 2286
744 2305
744 2780
744 2939
744 3874
744 4101
745 796
745 858
745 1287
745 2762
745 3056
745 4498
746 1473
746 3132
746 3880
747 2384
748 904
748 2769
748 3117
748 4023
748 4237
749 915
749 1277
749 2070
749 2978
750 2271
751 849
752 1395
752 2174
752 3759
753 1111
753 3108
753 3411
753 4440
754 2523
754 2842
754 3466
756 1929
756 2319
757 792
757 1900
757 2170
757 3735
758 900
758 1016
759 1158
759 3947
761 2769
762 955
762 1068
762 1739
762 4026
762 4473
763 2014
764 1082
764 1439
764 1594
764 2295
764 2358
764 2854
764 3280
764 3358
764 3762
765 851
765 1410
765 1833
765 1872
765 1875
765 2302
765 2551
765 2580
765 3464
766 1262
766 1851
766 2231
766 2342
766 2415
766 3157
767 796
767 1140
767 1307
767 1640
767 2718
767 2766
767 3609
767 3886
768 1069
768 1070
768 1181
768 3921
769 1914
769 2436
769 3920
770 931
770 1846
770 2363
771 1736
771 2347
772 917
772 4423
773 2148
773 2437
775 798
775 1637
775 2775
775 2858
777 2694
777 4059
778 3127
779 844
779 1234
779 2050
779 3240
779 3652
779 3919
780 888
780 1326
780 1854
780 3332
780 3979
781 873
781 1516
781 3165
781 3831
782 1070
782 1716
782 3126
782 4253
783 1999
783 2249
783 3161
783 3568
786 1284
786 2767
786 4252
787 3879
787 4465
788 3484
788 3697
788 4496
791 1807
791 2192
792 944
792 1084
792 4242
793 3469
794 853
794 1429
794 2276
794 4175
798 1253
799 827
799 923
800 1771
802 3744
803 1405
803 1806
803 2269
803 3627
805 1301
805 1347
805 1427
805 3120
806 936
806 1819
807 3723
808 1684
809 2905
810 1556
810 2646
812 1059
812 2452
812 3394
813 1589
814 2571
814 3507
814 4262
814 4323
815 902
815 1321
815 4029
816 2169
816 3148
817 1395
817 1873
817 2621
818 1319
818 4025
819 871
819 3406
820 888
820 970
820 1129
820 3009
820 3871
821 1007
821 1713
821 3490
821 3688
822 1913
824 1041
824 1115
824 1265
824 1398
824 3584
825 2986
825 4091
826 1106
826 3676
827 849
827 1112
827 1589
827 2997
827 3014
827 4205
828 2121
828 2164
828 2356
828 2996
829 1723
829 2395
829 2656
829 3575
829 3603
829 3670
830 1045
834 959
834 2278
835 981
836 1349
836 2236
836 3392
837 3015
838 1430
838 1969
838 2216
838 2696
838 2713
838 3451
838 3582
839 978
840 1761
841 4478
842 1072
842 2068
842 2344
842 2355
844 1061
844 2012
845 3171
846 1570
846 2044
846 4240
847 855
847 1198
847 1565
847 1671
847 1787
847 3539
847 4375
848 1068
848 1468
849 883
849 1214
849 2011
849 2632
849 2879
849 4384
850 929
856 989
856 1852
856 3015
857 908
857 921
857 954
857 1027
857 1234
857 1244
857 1520
857 1542
857 2046
857 2553
857 3013
857 3507
858 1629
858 2713
858 4391
859 936
859 1014
859 1080
859 1490
859 3341
860 1184
860 2071
860 2629
860 3075
860 3612
860 4384
861 980
861 1461
861 1944
861 2694
861 3542
862 1354
862 1425
862 2756
862 2963
862 3116
862 4000
862 4012
863 2335
863 2570
863 3707
863 3733
864 1060
864 2946
866 1458
867 870
867 948
867 1876
867 2337
867 2822
867 3610
867 3992
869 2288
869 3367
869 3727
869 4447
870 3670
870 3999
871 891
871 1609
871 1725
871 3134
871 3563
871 4303
872 1102
872 4057
873 934
873 1546
874 1573
874 2989
874 3359
875 912
875 2390
875 2481
875 2707
875 3482
875 3947
876 898
876 2481
876 4147
877 1937
877 2754
878 2951
879 1188
879 4124
880 2884
880 3896
880 3944
881 3368
882 973
882 1620
882 2274
883 2074
883 3363
884 2142
886 1023
887 2297
887 4018
889 1013
889 1593
890 1324
890 1642
890 1851
890 1941
891 2932
891 3915
891 4477
892 1362
894 3728
895 1279
895 1725
896 1094
896 1117
896 1311
896 1440
896 1582
896 3145
896 3505
897 2860
898 1161
898 1745
898 2486
898 4413
900 2697
900 2768
900 3709
900 4183
900 4401
904 968
904 2124
904 2487
904 2818
906 1095
906 3786
907 2315
907 3307
907 3902
907 4050
907 4392
908 2859
909 3460
910 2244
910 2404
911 1596
911 1905
911 2291
913 1086
913 2491
913 3702
914 4258
916 3231
916 4110
917 1194
917 1368
918 1073
918 1352
918 3128
918 3775
918 3833
918 4052
918 4389
919 923
919 3488
922 3213
925 1029
925 1108
925 1194
925 1492
925 3899
928 984
928 2237
929 2663
930 1783
932 1501
932 2560
932 3909
933 953
933 1651
933 2282
933 2320
936 1150
936 1198
936 1642
936 1750
936 2437
936 3022
936 3817
936 4024
936 4482
937 1075
937 1227
937 3868
938 1062
938 1352
938 4435
941 4032
943 1154
943 1186
943 1811
943 2884
943 3529
943 3838
945 3531
945 4333
946 1731
946 2082
946 2382
947 1038
948 1017
948 1074
948 1114
948 1388
949 1597
949 2093
949 3576
950 1292
950 2473
951 1163
951 1821
951 2277
951 2595
951 3428
951 3871
952 3904
955 2494
956 1966
958 1769
961 1632
961 3491
961 3979
962 1418
962 1438
962 1606
962 2115
962 2289
962 2304
962 2983
962 3730
962 4282
963 1298
963 1978
963 2261
963 3462
963 3567
963 3614
963 3785
964 2037
964 3279
965 1525
965 1977
965 2365
966 1221
966 1373
966 2392
966 2600
966 2971
966 3363
967 996
967 1355
967 1452
967 1610
967 1955
967 4270
968 4080
968 4283
969 1091
969 2526
969 2657
969 3168
970 1233
970 1796
970 2841
972 1353
972 2448
972 2835
973 1697
975 996
975 1018
975 1101
975 1145
975 1367
975 1567
975 1580
975 1727
975 1967
975 2043
975 2205
975 2380
975 2575
975 3059
975 3242
975 3454
975 3761
975 3872
976 1251
976 2109
976 2359
976 3082
976 4138
976 4438
977 2551
977 2876
978 1259
978 3036
978 3843
979 1103
979 1228
979 1463
979 1764
979 2000
979 2530
979 3313
980 2226
980 2770
981 999
982 3141
982 3326
983 2332
983 2578
984 2087
984 2091
984 2194
984 2431
984 3030
984 3483
984 3731
985 4475
986 3029
987 1205
987 3599
988 1552
988 1724
988 2044
988 2175
988 3649
989 1212
989 1469
989 2309
989 2637
989 2889
989 2996
989 3777
990 1130
990 2326
990 2451
990 3794
991 3692
994 1119
994 2003
996 1124
996 2951
996 3257
997 3100
997 4406
998 2014
998 4252
999 1669
999 2744
999 4350
1001 1092
1001 1303
1001 1433
1001 1707
1001 2241
1001 2687
1003 1647
1003 1911
1003 3039
1003 3196
1003 4081
1003 4086
1003 4092
1003 4396
1004 3067
1004 3249
1004 4461
1005 3214
1006 1151
1006 1309
1006 2603
1006 2901
1006 4188
1007 2491
1007 2949
1008 1801
1008 4431
1009 1362
1011 1434
1012 1230
1012 1529
1012 2096
1012 2692
1012 4355
1013 4084
1014 1302
1014 1711
1014 3109
1014 3143
1014 3784
1015 1220
1015 1600
1015 2401
1017 2438
1017 3238
1018 1475
1018 3138
1019 1965
1019 3112
1020 1186
1020 3044
1020 3168
1021 1185
1021 1401
1021 2991
1021 3272
1021 3447
1021 3477
1022 2377
1023 1048
1023 1748
1023 3737
1024 1177
1025 1679
1026 1500
1026 1605
1026 2560
1026 3401
1028 1067
1028 2121
1029 1136
1029 1394
1029 1990
1029 2217
1029 3408
1031 3202
1032 1312
1033 1128
1033 2701
1034 4034
1035 1388
1036 2286
1036 2522
1037 1191
1038 1263
1038 2994
1038 4341
1039 2261
1039 4335
1040 1417
1041 4487
1042 1675
1042 2303
1042 3601
1042 4334
1043 1763
1043 3111
1044 1303
1045 3164
1047 2805
1049 3485
1049 4492
1050 1097
1050 2628
1050 3797
1051 3667
1052 3099
1052 4113
1053 2384
1053 4184
1054 2363
1055 2329
1056 1396
1056 1855
1057 1747
1057 2290
1057 2376
1057 3996
1058 1671
1058 3500
1059 2231
1060 1649
1061 1256
1061 1379
1061 2980
1061 3292
1061 3442
1062 2480
1062 3995
1065 3672
1066 1224
1066 1478
1066 3176
1067 1223
1067 2406
1067 2425
1067 4258
1068 1861
1068 1984
1068 4253
1069 1113
1069 2593
1069 3399
1069 3717
1070 1304
1070 1824
1071 3636
1073 3146
1073 3357
1075 1261
1075 1581
1075 2982
1075 4476
1076 2334
1076 3757
1078 1297
1078 3467
1078 4105
1079 1437
1081 3630
1082 1720
1082 1830
1082 1849
1082 1970
1082 3790
1083 1417
1083 1608
1083 2174
1083 2467
1083 4110
1084 1149
1084 1171
1084 1483
1084 2030
1084 4108
1085 1160
1085 1212
1085 2735
1086 1753
1086 1828
1086 2857
1086 3501
1087 1634
1087 2054
1087 2724
1087 4429
1088 1927
1088 3966
1088 4299
1090 2559
1091 2535
1091 2821
1092 2993
1092 3767
1093 2405
1094 1444
1094 2351
1094 3204
1096 3238
1096 3459
1096 3509
1096 3653
1096 4330
1097 1333
1097 2820
1099 2798
1100 1816
1100 2545
1101 2798
1102 3814
1104 1393
1104 3422
1104 3534
1104 4394
1105 2195
1108 1153
1108 1328
1108 1360
1108 2150
1108 2331
1108 2409
1108 2741
1108 3057
1108 4182
1111 2341
1112 1568
1112 2209
1112 2648
1112 4468
1113 3225
1114 1789
1114 1852
1114 2612
1114 2828
1114 3548
1115 1937
1115 2472
1116 3560
1116 4280
1117 2048
1117 4249
1118 1231
1118 1932
1118 3258
1118 4141
1119 2058
1119 3416
1119 3478
1120 2362
1122 1478
1122 3921
1122 4203
1123 1615
1124 1311
1125 1229
1125 1719
1126 3330
1128 3291
1130 1889
1130 3012
1131 1167
1131 2754
1131 4049
1132 3236
1132 4121
1133 2007
1133 2520
1133 3402
1133 4280
1135 1397
1135 2004
1135 2178
1136 3836
1136 4174
1137 1276
1137 2597
1138 1565
1138 2454
1138 2565
1138 3282
1138 3699
1139 2451
1140 4225
1143 1669
1143 3352
1143 4232
1144 1512
1144 2480
1146 1441
1146 2773
1146 2943
1147 2799
1148 1767
1149 3322
1149 3699
1149 3914
1150 2189
1150 2612
1151 1925
1151 3258
1153 2448
1154 1286
1154 2301
1154 2532
1154 3726
1154 4318
1155 3143
1155 4416
1156 1399
1157 2777
1157 3906
1158 1455
1159 3198
1160 1558
1160 1739
1160 2089
1160 2866
1160 4193
1161 1327
1161 1774
1161 2556
1162 1340
1163 1411
1163 1446
1163 1742
1163 4170
1164 1296
1164 4338
1165 1238
1165 1344
1165 1510
1165 2653
1166 1290
1167 2702
1167 4344
1168 2030
1168 3081
1170 2214
1171 1511
1171 1636
1171 2244
1171 3038
1171 3125
1171 3420
1171 3808
1171 4207
1172 1221
1172 3784
1175 2776
1176 2972
1176 3574
1177 3110
1177 3861
1179 1736
1180 1378
1181 2786
1181 3511
1182 1310
1182 1711
1182 1926
1182 2200
1182 2577
1182 3587
1182 4395
1183 1690
1183 4427
1184 2210
1184 3756
1186 1400
1186 1460
1186 1489
1186 2374
1186 2452
1186 3536
1187 2188
1188 1562
1189 3253
1190 1587
1190 2065
1190 2137
1190 4462
1191 3579
1192 3620
1194 1315
1194 1700
1194 1753
1194 1814
1194 2808
1194 2855
1194 3638
1194 3807
1194 4244
1195 1604
1195 3205
1195 4379
1197 2750
1197 2983
1197 3268
1198 2146
1198 2236
1198 3903
1201 1536
1202 1468
1202 1580
1202 1964
1202 2918
1203 1740
1203 4226
1206 2708
1207 1555
1209 1916
1209 2136
1209 4161
1210 1603
1210 2327
1210 2826
1210 3019
1210 4010
1211 2606
1212 3740
1213 1310
1214 1653
1214 2613
1216 1540
1216 4235
1217 2151
1217 2772
1218 3053
1218 4194
1221 1239
1221 1449
1221 1672
1221 3452
1222 1887
1223 2465
1223 2709
1223 3647
1223 3732
1224 1253
1226 1491
1226 1752
1226 2315
1227 1381
1227 1560
1227 2252
1227 3975
1229 2022
1233 3367
1233 4275
1234 1270
1234 2607
1234 3020
1235 2061
1236 2249
1236 2419
1236 2443
1236 4259
1237 1501
1237 3233
1238 1390
1238 2819
1238 4011
1240 3013
1240 3774
1241 3060
1242 2207
1242 2829
1242 3008
1243 1519
1243 1605
1243 4055
1243 4157
1244 2398
1245 1359
1245 1611
1245 2240
1245 2327
1245 3428
1246 1330
1246 2248
1247 1387
1247 1915
1247 3957
1247 4147
1247 4454
1249 1988
1249 2334
1249 3375
1249 3658
1250 3129
1250 3309
1251 2631
1252 3990
1253 3351
1254 1314
1254 2657
1255 2009
1256 1266
1256 2381
1258 1554
1258 2668
1258 2861
1259 1792
1259 2573
1259 3587
1259 3782
1259 3991
1259 4495
1260 1818
1260 2514
1261 1498
1261 1767
1261 2684
1261 4197
1261 4217
1263 1489
1263 1552
1263 1657
1263 3156
1263 4108
1264 1759
1264 2016
1264 2140
1264 2757
1264 2784
1264 3628
1264 4013
1267 3158
1268 1701
1269 2270
1270 1339
1270 4361
1271 1817
1271 1902
1271 2039
1271 2474
1271 3358
1271 3883
1272 2417
1273 2126
1274 1583
1274 2013
1274 2418
1274 4010
1276 2901
1277 1457
1279 1815
1279 3695
1279 4481
1280 1295
1280 1355
1280 3582
1282 1882
1283 1306
1283 1540
1283 2091
1283 2175
1283 3724
1284 1348
1284 2293
1284 3811
1285 1465
1285 1651
1285 2445
1285 2478
1287 3870
1290 1446
1291 1557
1291 1835
1291 1842
1291 3819
1291 3901
1293 3823
1294 4130
1295 2018
1295 2796
1295 2809
1295 2995
1295 3632
1295 3731
1300 1485
1301 1316
1301 1576
1301 1792
1301 2382
1301 2588
1301 4168
1302 2554
1302 3635
1303 1939
1303 3916
1304 2063
1304 2742
1304 3644
1304 3761
1305 3580
1308 1505
1308 1555
1308 3355
1308 3945
1308 3965
1309 2289
1309 2628
1309 4441
1311 2173
1311 3235
1312 2900
1313 1896
1313 2976
1313 3999
1314 2505
1314 2962
1314 3833
1315 2825
1317 1910
1317 2036
1317 2052
1318 3718
1318 4161
1320 2222
1321 1697
1321 1863
1321 2711
1321 4492
1322 2664
1323 1813
1323 2221
1323 2386
1323 2624
1323 3263
1328 1660
1328 3986
1330 1976
1330 2090
1330 2104
1330 2653
1330 2778
1332 2027
1333 2541
1333 4187
1334 1820
1334 2349
1334 2998
1334 3299
1336 1621
1336 2412
1336 3657
1338 1648
1338 3184
1339 1479
1339 2185
1340 1557
1340 1622
1340 2139
1340 3173
1340 3567
1341 3454
1341 4434
1342 1742
1343 2930
1343 4048
1345 1854
1345 3728
1346 1577
1346 1877
1346 2296
1346 2677
1347 2576
1347 3336
1348 1546
1349 2831
1350 1419
1351 1641
1351 2321
1352 2206
1352 3265
1352 4335
1353 2103
1353 3162
1353 4014
1354 1365
1354 2408
1354 4114
1356 4050
1357 1371
1358 2211
1359 1732
1359 4210
1362 1875
1362 2098
1365 2513
1365 3165
1365 3905
1365 4331
1367 1893
1367 2540
1369 2726
1369 2859
1370 1527
1370 2593
1372 1722
1372 1893
1372 2295
1372 3034
1372 3178
1372 3346
1372 3535
1373 2842
1376 2116
1377 2078
1377 2303
1377 2497
1377 2567
1377 2654
1377 2834
1379 1522
1379 1941
1379 2254
1379 2322
1379 2387
1379 2423
1379 3663
1379 4260
1380 1392
1380 1785
1381 1521
1382 4484
1383 2787
1383 3766
1384 1499
1384 1831
1384 3141
1385 1908
1385 2948
1385 4203
1386 3384
1387 1775
1387 3718
1387 4480
1388 2354
1388 2433
1388 2947
1388 3309
1389 2385
1390 3681
1391 3226
1392 1576
1392 1734
1392 2728
1392 3220
1392 3229
1393 1788
1393 2040
1394 4493
1395 4133
1396 1574
1396 2867
1398 1834
1398 2733
1399 1758
1399 3565
1399 3840
1401 1843
1401 2048
1401 3950
1402 2742
1402 3694
1404 1689
1405 4162
1406 1411
1406 1611
1406 1928
1406 1935
1406 2698
1406 2888
1406 3271
1406 3384
1406 3445
1406 3608
1406 3611
1406 3622
1410 3377
1411 1906
1411 3637
1411 4041
1412 2235
1415 2517
1415 3749
1416 2440
1416 2854
1416 4470
1417 1775
1417 2672
1419 1732
1419 2247
1420 1488
1420 1661
1420 1699
1420 1925
1420 2648
1420 3219
1420 4024
1421 2954
1424 2243
1424 3397
1425 1788
1425 2676
1425 2762
1425 3698
1425 3757
1425 4069
1430 2281
1430 2505
1430 4489
1432 1942
1433 2461
1433 2486
1434 2246
1436 2287
1436 3204
1436 3914
1437 1733
1437 2833
1437 2869
1437 3062
1437 4031
1438 1439
1438 3019
1438 3575
1439 1841
1439 2065
1441 2086
1441 4347
1442 2456
1443 1812
1443 1890
1443 2397
1443 2439
1444 2636
1444 2695
1444 3056
1444 3281
1447 1953
1447 2988
1449 1858
1450 3441
1450 4368
1451 2032
1451 2366
1452 2041
1452 2655
1452 2912
1452 3009
1452 4324
1453 2651
1453 3094
1453 3794
1453 4432
1457 2822
1457 2871
1457 4065
1458 1728
1458 1791
1458 2741
1458 2919
1458 3541
1462 2154
1463 3592
1463 3723
1464 2149
1465 2665
1467 1551
1467 4393
1467 4472
1468 1528
1468 3201
1468 3295
1470 2670
1471 2921
1471 3516
1472 3738
1473 1643
1473 4352
1474 2932
1475 3607
1475 4383
1476 1755
1476 1888
1476 2256
1476 2539
1477 1481
1478 1962
1478 4350
1479 1806
1479 4313
1480 2447
1480 2818
1480 4304
1482 1606
1482 2279
1482 3189
1484 4127
1485 1809
1485 2571
1487 1811
1490 1819
1494 1958
1495 2092
1495 2352
1496 2623
1496 3439
1496 3477
1497 2086
1497 2999
1497 3734
1497 3744
1498 1820
1499 4098
1500 2664
1500 2716
1501 2761
1502 1909
1502 2069
1502 2908
1502 3070
1502 3353
1502 3810
1502 3898
1504 1601
1504 1749
1504 1832
1504 1840
1504 2381
1504 4015
1505 2049
1505 2094
1505 4077
1512 2667
1513 3074
1513 3277
1513 3440
1513 4022
1514 1902
1514 4062
1515 1823
1515 3532
1516 3227
1516 3519
1516 3588
1517 3911
1518 2108
1518 2797
1518 3239
1518 3978
1520 2039
1520 3900
1521 1712
1521 2309
1521 3017
1521 3490
1521 4279
1523 1764
1523 3161
1524 3900
1525 1638
1525 2893
1525 2950
1525 4070
1526 1839
1526 2053
1526 3151
1527 2145
1528 2142
1528 4141
1529 1574
1530 1889
1530 1903
1530 2270
1530 3369
1530 3584
1531 2578
1531 2791
1531 2887
1531 3069
1531 4446
1532 1740
1534 3457
1534 3712
1534 4089
1535 2038
1535 3395
1535 3443
1536 1834
1536 2160
1537 2781
1537 3554
1538 2581
1539 3971
1540 3523
1540 3722
1541 2676
1541 4322
1544 3092
1546 1588
1546 3458
1549 2181
1549 3319
1549 3671
1550 2391
1552 2969
1552 3726
1555 4435
1555 4463
1556 1623
1556 2439
1556 3136
1556 4001
1557 2757
1557 4411
1557 4448
1559 1845
1562 2640
1564 1830
1564 3221
1565 2101
1566 2856
1567 2119
1567 2680
1567 3851
1568 2652
1569 2307
1569 3151
1570 1644
1570 2283
1571 3468
1572 1687
1572 1878
1572 2058
1572 3701
1573 1641
1574 2005
1574 2075
1574 2729
1575 2633
1576 2344
1579 3403
1579 3570
1582 3958
1583 1776
1584 1695
1584 2931
1584 4197
1585 1705
1586 2613
1587 3556
1587 3783
1589 3051
1590 1656
1590 1682
1590 3882
1590 4091
1591 1660
1591 1940
1591 2550
1593 1686
1593 1706
1593 4272
1595 1668
1595 1846
1595 3591
1596 1757
1596 2911
1596 3053
1597 2047
1597 2072
1599 2472
1600 2973
1601 2977
1601 3818
1603 2511
1603 3037
1603 3184
1603 3426
1605 1618
1605 2457
1605 3005
1605 3872
1606 2398
1606 2639
1606 3923
1607 2547
1607 4321
1608 2369
1609 1938
1609 2385
1610 1760
1612 2346
1615 1694
1615 2176
1615 2750
1617 1658
1617 2221
1617 3694
1619 3374
1621 1913
1621 2339
1624 2555
1624 2723
1625 2788
1625 3102
1625 3646
1625 4390
1627 2737
1627 4255
1628 3215
1631 1824
1631 2749
1631 3083
1631 3216
1631 4212
1631 4316
1631 4325
1632 3730
1633 3370
1635 2272
1635 2375
1635 2916
1636 4093
1638 3308
1638 3517
1639 4328
1640 1799
1640 3396
1640 3905
1641 2201
1642 1698
1642 2117
1642 2163
1642 2331
1642 2964
1642 4193
1642 4211
1643 4099
1643 4188
1645 1874
1645 2890
1649 3512
1651 2585
1651 3918
1651 4155
1652 3087
1652 3663
1653 3693
1654 3939
1656 3659
1656 3712
1657 1948
1657 1987
1657 2253
1657 2597
1657 3186
1658 2732
1658 3863
1660 1756
1660 3253
1660 3711
1661 2250
1661 4006
1663 2182
1663 2393
1666 1761
1666 2090
1666 4291
1671 2298
1672 1691
1672 3445
1672 3715
1673 1680
1675 1869
1675 4264
1680 2668
1680 2973
1680 3271
1681 2426
1681 3153
1683 2037
1683 4117
1684 2708
1686 2071
1686 2165
1686 2823
1686 3197
1686 3328
1686 3840
1687 1810
1688 1882
1688 2208
1688 3176
1689 3207
1696 2294
1696 2896
1696 3938
1697 4336
1698 3540
1700 1933
1700 2976
1700 3360
1704 2804
1705 3732
1712 2336
1712 3000
1712 4088
1713 1768
1713 3260
1713 3892
1713 4205
1715 2790
1715 3844
1715 3963
1716 2123
1716 2484
1716 3894
1716 4284
1716 4292
1721 1936
1721 3109
1721 4214
1725 2402
1725 2475
1726 3416
1727 2234
1727 4036
1729 2177
1734 1949
1734 2135
1734 2806
1734 2965
1734 3147
1734 4231
1735 4451
1736 4354
1737 1963
1737 2368
1737 3423
1738 3115
1739 1845
1739 2526
1740 1741
1740 3302
1741 1965
1741 2727
1746 2959
1747 3252
1750 2232
1750 4165
1752 1786
1752 2656
1754 2158
1756 2383
1761 3047
1761 4331
1766 1922
1766 2852
1767 1971
1767 3179
1767 3605
1768 2137
1769 2141
1771 4111
1773 4290
1774 2177
1774 2980
1774 3148
1774 3881
1775 1884
1777 1999
1777 3997
1777 4387
1779 1992
1779 2637
1779 3615
1780 2474
1782 2360
1782 3986
1782 4377
1783 2432
1783 2864
1783 3016
1783 3479
1783 3987
1784 3023
1785 2349
1785 4231
1790 3985
1791 4229
1792 2078
1793 3037
1793 3509
1794 1803
1794 2547
1797 3191
1799 2422
1799 2561
1801 3354
1802 2196
1802 2691
1803 3859
1803 4122
1805 2733
1805 4218
1808 1954
1808 2325
1808 3566
1810 2217
1814 2987
1816 3866
1820 2992
1821 3025
1822 3759
1824 1883
1824 3847
1825 2413
1825 2428
1825 2572
1825 3594
1825 3626
1826 2010
1826 3016
1826 3857
1827 3388
1827 3503
1827 3973
1830 3715
1831 2017
1831 2313
1831 2482
1831 2765
1831 2915
1833 3875
1833 4348
1836 2933
1836 4402
1837 3501
1840 3026
1841 2403
1841 2955
1842 2262
1842 2839
1842 3754
1843 4132
1845 2654
1845 2862
1846 2468
1846 3982
1848 3207
1851 2066
1851 2190
1851 2496
1851 2584
1853 2299
1856 2681
1856 2848
1856 2933
1856 3564
1856 3749
1856 3985
1856 4310
1862 3593
1862 3967
1867 2515
1869 2540
1870 3049
1870 3126
1871 2492
1871 3057
1871 3528
1874 3792
1876 2898
1877 3725
1878 2921
1878 3157
1879 3160
1879 3178
1879 3917
1879 4499
1884 3434
1885 3466
1886 2775
1891 3480
1893 3506
1895 3089
1895 3591
1895 3689
1895 4430
1897 2240
1897 3469
1897 4379
1898 2144
1898 3669
1902 1976
1902 2125
1902 2791
1902 4054
1903 4317
1904 1949
1904 2108
1904 3274
1904 4470
1906 3709
1908 2888
1908 3177
1908 3251
1918 4003
1919 1987
1919 4345
1920 3144
1921 2300
1921 2574
1921 3562
1922 2566
1922 2686
1922 3079
1923 2070
1923 2772
1923 4365
1925 2960
1926 3711
1926 3904
1927 2548
1927 3708
1928 2045
1929 2370
1929 4000
1930 2832
1930 4257
1932 2102
1932 2251
1932 2328
1932 2340
1932 3717
1934 4456
1934 4484
1936 3275
1943 2228
1943 2792
1944 2723
1945 2463
1946 3291
1947 2263
1947 3032
1948 3813
1949 2621
1950 1980
1950 2284
1950 2312
1950 2812
1950 4153
1951 2103
1952 2420
1952 3399
1952 3720
1953 2934
1959 3561
1960 2357
1961 2468
1963 2800
1963 3508
1964 2410
1964 3525
1964 3805
1964 4456
1965 2864
1966 3058
1967 2924
1967 3035
1967 3144
1967 3311
1967 3377
1967 4452
1970 4408
1971 2255
1971 2643
1972 4266
1974 3615
1976 3513
1976 3824
1976 3967
1978 2508
1979 2394
1980 2204
1980 2516
1982 2204
1982 2634
1985 2116
1985 2626
1985 3449
1987 3795
1989 1996
1990 3960
1991 2028
1991 3535
1992 2259
1992 4069
1992 4234
1992 4329
1995 3704
2000 3245
2001 2358
2003 3440
2004 3167
2004 3438
2004 3485
2005 3156
2006 2318
2010 2285
2011 2692
2017 3935
2018 4364
2020 3371
2020 4498
2021 2257
2021 2640
2021 3216
2021 4058
2021 4286
2022 2132
2022 4473
2023 2343
2023 3610
2023 4224
2025 3519
2031 2433
2032 2042
2032 2912
2033 3256
2033 3949
2034 2332
2034 3570
2036 2535
2038 2847
2038 2869
2039 3104
2041 3403
2043 3392
2043 3680
2043 4380
2044 4189
2045 3983
2048 3465
2048 3944
2048 4457
2050 3285
2051 3959
2052 2345
2053 2367
2055 4045
2056 2397
2056 3561
2056 3961
2057 4248
2058 3064
2060 2883
2060 2946
2060 3122
2060 3964
2063 2160
2063 2510
2063 2811
2063 4468
2065 2810
2066 4475
2068 3010
2069 2703
2070 2235
2070 2734
2070 3664
2071 2223
2072 4056
2074 2899
2074 3217
2074 3228
2074 4114
2074 4333
2075 2826
2075 3325
2076 3908
2078 3001
2078 3177
2080 3648
2080 3850
2081 2803
2081 3968
2083 2644
2084 2418
2084 2626
2084 3917
2084 4396
2086 2500
2087 2107
2087 2471
2087 2513
2088 2555
2088 3343
2088 4071
2089 2902
2091 4442
2093 4222
2094 2885
2094 3083
2094 3218
2094 3620
2094 3837
2095 2568
2095 4480
2096 3758
2097 4145
2098 3094
2102 3060
2103 2140
2105 2519
2105 4189
2105 4419
2106 2936
2107 4409
2109 3631
2112 2591
2112 3375
2115 2424
2116 2250
2116 2634
2116 3200
2117 3565
2121 2477
2123 2224
2125 2592
2125 3214
2126 3727
2127 2400
2132 2335
2134 2747
2135 2184
2135 3134
2135 4150
2140 2981
2143 2151
2143 2392
2143 2770
2143 3063
2145 2413
2145 3154
2145 3676
2146 4421
2147 3879
2147 4102
2148 3085
2150 2917
2150 2919
2151 2956
2152 2449
2152 2945
2157 4115
2158 2567
2158 2787
2158 3327
2159 2328
2159 2478
2159 2605
2159 3463
2160 2601
2161 3342
2162 3605
2165 2926
2165 3182
2169 2202
2169 2282
2169 2444
2170 2534
2170 3042
2171 2865
2171 4274
2174 3769
2175 3334
2175 3583
2177 2202
2177 4228
2180 2205
2181 3839
2183 4327
2185 3146
2186 3460
2186 3608
2186 4209
2189 2511
2189 2960
2190 2583
2190 2995
2191 2975
2192 3061
2195 2805
2195 4038
2197 2317
2197 2596
2197 2845
2198 2904
2200 3289
2200 3741
2205 3391
2208 4068
2208 4284
2209 2350
2209 3203
2209 4495
2212 3306
2213 2781
2213 3906
2216 3630
2217 4459
2219 2314
2219 2364
2219 3173
2220 4103
2226 3361
2226 3981
2226 4315
2229 3675
2232 3463
2232 3817
2233 3583
2236 2868
2237 4005
2238 4132
2242 4488
2244 3953
2244 4072
2245 4288
2246 2609
2247 3939
2247 4056
2249 3487
2249 4296
2250 2752
2251 2837
2255 3103
2255 3515
2255 4261
2257 4219
2259 4232
2260 3779
2260 3842
2265 2913
2265 4096
2266 3448
2268 2658
2268 4102
2269 2611
2269 4322
2272 3950
2275 3883
2279 3078
2280 3536
2280 4469
2282 2333
2282 4417
2285 3052
2287 2702
2289 3889
2289 4168
2289 4282
2290 2372
2290 2793
2292 2935
2293 2581
2293 4196
2293 4441
2294 2308
2294 2675
2297 2641
2297 3284
2298 2748
2299 3324
2305 4206
2306 2759
2307 4053
2307 4131
2308 3826
2313 4390
2314 3679
2314 3681
2324 2771
2324 4129
2325 3073
2326 3773
2327 4317
2328 3604
2329 3088
2330 2831
2330 3656
2330 4445
2331 2518
2332 2386
2334 4233
2334 4307
2334 4437
2337 2735
2337 2765
2339 2850
2339 3558
2340 2718
2340 3104
2342 2434
2342 2557
2342 3885
2344 3193
2344 4235
2345 2559
2351 2661
2351 3140
2351 3639
2352 2449
2352 2700
2352 4152
2353 4023
2354 3943
2355 3287
2357 4049
2358 3924
2359 2421
2359 3020
2359 4164
2364 2803
2365 3803
2366 2565
2369 3011
2375 2875
2376 2568
2376 3209
2378 3217
2380 2693
2380 2851
2382 3312
2385 2477
2385 3848
2388 2698
2392 4081
2393 3874
2394 2816
2395 2861
2401 2517
2403 2660
2403 2897
2403 4354
2406 3674
2406 4107
2410 3090
2410 3629
2411 4097
2413 2759
2413 2827
2413 3746
2415 3771
2417 3080
2421 2949
2422 2483
2422 4226
2423 3128
2423 3391
2424 2696
2424 3987
2425 2815
2426 2483
2426 4027
2429 2442
2429 2954
2431 2731
2431 2872
2431 4376
2432 2789
2436 2745
2436 2807
2436 3936
2436 4215
2437 3099
2437 3981
2438 3581
2439 2747
2439 4198
2443 3227
2445 3006
2445 4415
2447 3642
2451 4474
2452 3675
2452 4047
2453 2743
2453 3522
2457 3381
2457 4190
2457 4234
2458 4116
2460 3464
2466 2682
2468 3033
2469 2744
2471 3483
2472 2814
2472 2993
2472 3298
2472 4486
2475 3040
2477 2721
2485 4094
2487 2794
2487 3555
2488 2489
2489 3181
2489 3191
2495 2941
2495 3810
2496 2522
2497 3641
2499 4448
2500 3270
2506 4451
2507 2645
2507 2685
2507 2726
2511 3476
2512 2563
2512 3470
2512 3927
2513 2749
2515 2693
2518 3573
2520 2840
2520 3170
2520 3545
2521 3652
2521 4455
2523 3409
2526 2947
2526 3066
2526 3544
2528 3005
2530 2782
2530 2891
2530 3382
2531 3690
2532 4043
2535 4450
2538 3234
2538 4336
2538 4424
2541 2987
2542 3632
2542 4357
2543 2824
2543 3691
2543 4306
2550 4365
2552 3792
2554 3255
2557 2606
2557 3164
2557 3222
2558 3467
2559 4192
2561 3901
2563 2938
2568 4079
2572 2773
2572 4116
2573 3389
2574 4363
2576 3194
2576 3682
2576 4351
2577 2815
2581 2957
2581 4382
2582 2838
2585 3012
2585 4149
2585 4176
2586 2835
2587 2616
2589 3489
2596 3344
2601 3211
2602 3149
2603 4095
2605 4298
2609 3386
2611 3241
2612 3929
2614 2801
2614 3628
2615 4426
2617 3705
2618 3893
2631 2690
2636 2659
2636 3250
2636 3412
2636 4400
2637 2937
2640 3604
2640 4085
2641 3315
2641 3360
2641 3540
2641 3647
2645 4153
2645 4159
2646 2913
2648 4433
2649 3290
2665 4287
2670 3121
2670 3505
2670 3766
2670 3777
2672 3368
2676 4393
2677 2817
2677 2979
2677 4171
2678 3246
2679 2850
2681 3923
2681 4491
2682 2876
2682 3598
2682 3661
2682 3745
2690 3317
2694 3750
2697 2927
2697 3369
2697 4028
2697 4070
2699 4360
2702 3772
2710 4214
2719 3050
2721 3135
2723 3618
2723 4040
2724 3189
2738 3768
2738 4051
2738 4112
2738 4195
2738 4241
2740 4143
2741 3619
2741 4148
2744 3644
2745 3521
2745 3736
2749 3886
2750 3549
2750 4027
2763 3913
2764 3614
2768 2774
2768 3497
2771 4359
2774 4207
2775 3820
2776 3803
2784 3427
2786 2910
2787 3251
2789 3346
2791 4080
2792 3001
2792 3260
2792 3304
2792 3832
2795 3994
2801 3571
2802 3716
2807 3684
2812 3313
2818 4247
2828 4021
2831 3796
2833 4482
2835 3356
2835 4019
2838 3558
2838 4224
2839 3641
2841 2942
2841 3323
2842 4151
2842 4445
2843 3706
2845 3418
2846 4401
2850 4246
2850 4255
2854 4256
2855 3241
2865 3224
2867 3159
2868 3327
2871 2958
2871 3410
2872 3275
2875 4442
2876 2889
2880 3084
2880 3405
2880 4421
2881 2892
2884 3372
2884 3526
2886 2970
2886 4314
2891 3971
2892 4095
2894 3153
2895 3830
2901 3626
2903 4222
2904 3240
2906 3447
2912 3439
2912 4452
2921 3856
2923 4177
2926 3419
2929 3331
2929 3397
2929 4382
2929 4494
2931 3964
2931 4028
2937 3551
2937 4133
2940 3452
2941 4087
2942 3739
2945 3091
2945 3655
2947 4440
2950 3435
2953 4035
2961 3762
2965 3780
2970 4151
2974 3410
2976 4408
2979 3668
2981 3430
2981 4319
2982 3123
2982 4277
2987 4199
2989 3350
2989 4219
2990 3130
2990 3750
2993 3667
2993 4139
2998 3795
3001 3606
3005 3870
3011 3110
3014 3975
3017 3074
3017 3365
3021 3031
3027 4097
3028 3949
3029 3436
3033 3142
3033 3590
3034 3117
3034 3851
3037 3120
3050 4066
3053 4022
3054 3091
3055 3071
3055 4123
3056 3366
3060 3349
3060 3623
3064 3763
3067 3256
3072 3112
3072 3244
3072 3531
3072 4371
3072 4405
3072 4477
3081 4086
3086 4411
3088 3931
3088 4230
3092 3651
3093 3533
3099 3285
3101 4137
3102 4016
3109 3232
3109 3785
3109 4018
3111 3444
3112 3166
3123 3657
3134 3424
3136 3828
3137 3619
3137 3846
3138 3389
3138 3764
3139 4241
3139 4483
3142 3778
3143 3827
3146 3472
3147 3432
3150 3197
3150 3503
3150 3735
3150 3937
3152 3278
3162 3225
3163 4432
3167 3578
3167 3654
3172 3929
3176 3425
3176 3989
3177 4039
3177 4169
3188 3484
3192 3393
3192 4444
3193 3516
3198 4062
3200 3600
3200 3800
3201 3329
3211 3345
3216 3515
3217 3724
3218 3977
3222 4287
3224 3819
3230 3527
3236 3409
3236 4398
3236 4433
3239 3283
3245 3984
3245 4105
3249 3264
3268 4191
3271 3379
3273 3869
3278 3437
3278 4148
3280 4020
3282 3856
3282 4332
3284 4129
3292 4030
3293 3511
3298 4424
3303 3597
3303 4366
3308 3638
3309 4499
3311 3775
3312 3826
3315 3470
3316 4083
3318 3385
3318 4378
3321 4245
3325 3941
3334 3860
3338 3373
3341 4220
3341 4230
3346 4076
3347 3677
3347 4367
3353 3599
3356 3622
3367 3498
3369 4005
3379 3745
3381 3884
3381 4312
3383 4273
3387 4238
3389 4490
3390 3621
3404 4388
3408 3649
3408 3788
3414 3743
3420 4218
3424 3855
3424 3954
3427 3862
3431 4035
3433 3937
3437 3973
3444 3473
3449 3733
3449 4355
3451 4417
3452 4251
3453 4407
3454 4436
3455 4371
3459 3708
3459 3861
3459 4026
3473 3671
3475 3686
3478 4085
3481 4187
3484 3907
3485 4251
3504 3585
3506 4483
3520 3804
3520 4167
3524 3748
3526 3655
3531 3787
3535 3943
3536 3770
3536 4464
3544 3753
3547 4074
3551 3569
3552 3748
3558 3841
3561 3940
3571 4292
3583 4246
3584 4458
3589 4052
3592 4309
3611 4343
3635 3832
3640 3956
3641 4428
3642 3719
3648 4304
3651 3770
3652 4051
3652 4155
3652 4469
3661 3825
3665 3710
3666 3858
3667 3714
3667 4048
3673 4267
3674 3969
3675 4353
3680 4175
3694 3842
3695 4453
3696 3758
3711 4209
3715 4254
3723 4339
3739 3788
3740 4479
3742 4471
3767 3903
3772 4289
3779 4221
3781 3824
3787 4349
3790 3838
3790 4011
3811 4486
3818 4339
3823 4250
3823 4372
3825 3845
3825 4092
3835 4269
3837 4248
3838 4093
3839 4327
3858 3933
3862 4464
3864 4032
3867 4068
3869 4216
3870 4444
3871 4305
3873 4166
3879 4361
3885 4308
3903 4325
3904 3995
3918 4387
3934 4045
3958 4294
3970 4385
4011 4072
4022 4352
4038 4340
4040 4489
4044 4466
4060 4134
4082 4294
4084 4278
4089 4443
4107 4169
4112 4202
4117 4156
4121 4301
4127 4178
4133 4159
4133 4236
4152 4178
4164 4349
4176 4267
4188 4496
4199 4211
4207 4458
4209 4481
4213 4243
4241 4356
4246 4356
4258 4465
4268 4488
4278 4316
4285 4388
4294 4404
4309 4337
4321 4370
4335 4381
4336 4370
4337 4359
4353 4369
4353 4474
4357 4409
4372 4491
