25
52736 32549
32549 5918
5918 32550
5918 5921
5918 32551
5918 108
5921 32560
5921 32551
5921 108
108 5148
108 3347
5148 30934
5148 5126
5148 27292
5148 18494
30934 48045
30934 5127
5127 27279
5126 15321
15321 30332
15321 45646
15321 26202
15321 5286
30332 45646
30332 19421
30332 5286
45646 19421
19421 26202
19421 5286
26202 5286
26202 2949
5286 16272
16272 19430
16272 19428
16272 1578
19430 1578
19428 1578
1578 5365
5365 31401
31401 45669
31401 20768
31401 33005
45669 55974
45669 55973
45669 25881
55973 57799
25881 26201
26201 26843
26201 2949
26843 11743
11743 1486
11743 17320
11743 11180
11743 18076
1486 3069
1486 11357
1486 10920
3069 20953
3069 19353
3069 8386
3069 11357
20953 43028
20953 8214
8214 4757
8214 24266
8214 10273
4757 64
64 1395
64 4751
64 813
64 104
1395 4242
4242 412
412 8372
412 12338
8372 37474
8372 32208
8372 31682
37474 54174
37474 54173
37474 32656
32656 33121
32656 5990
33121 52928
33121 12664
33121 6165
33121 7162
33121 8952
12664 2017
12664 16284
12664 4565
12664 8952
12664 12668
2017 22367
2017 22368
2017 10733
2017 10305
2017 17628
2017 16284
2017 291
10733 5393
10733 18935
10733 10305
10733 291
10733 22969
10733 10728
5393 18210
5393 18209
5393 6343
5393 5052
5393 5630
5393 13120
18210 18193
18210 18209
18210 18192
18210 5630
18210 18213
18210 13120
18193 18201
18193 18209
18193 18192
18193 20833
18201 18207
18201 18192
18201 20598
18201 20833
18209 18192
18209 20833
18192 20598
18192 5630
20598 41676
20598 41674
20833 13120
6343 4873
4873 6345
4873 11495
6345 3801
6345 11495
6345 11505
11495 14072
11495 7643
11495 398
11495 12337
14072 18454
14072 11194
14072 12337
11194 11537
11194 332
11194 6322
11194 9657
11194 2824
11194 12334
11194 5262
11194 3869
11194 12337
11537 12440
11537 877
11537 9810
12440 16257
16257 31076
16257 12694
31076 36669
31076 52312
31076 5207
31076 47773
31076 8311
5207 1995
5207 4751
5207 17171
5207 1565
5207 4561
5207 4507
1995 4751
1995 17171
1995 1169
1995 1045
1995 1446
4751 17171
4751 30302
4751 1565
4751 813
17171 1565
1565 4561
1565 19353
19353 15642
19353 4391
19353 19361
19353 15493
813 15990
813 759
813 1169
813 13051
813 104
759 1886
759 104
1886 10330
1886 6958
10330 17420
10330 38495
10330 6144
10330 6958
17420 38495
17420 1095
1095 1108
1095 1085
1095 5020
1095 1896
1108 1085
1085 1111
1085 1088
1085 17388
1085 17385
1085 5058
1085 1115
1085 1896
1085 15400
1085 17386
1111 5020
1111 17161
1111 5052
1088 17388
5058 5020
5020 1115
5020 30741
5020 5052
1115 5043
1115 5052
5043 1896
1896 15400
1896 21647
1896 21645
15400 17161
15400 30741
15400 34614
15400 12639
17161 17386
17386 17432
17386 5036
5036 21647
21645 30741
30741 5527
34614 6892
34614 12639
34614 30165
6892 1432
6892 12639
1432 10691
1432 12639
1432 5678
10691 5854
10691 12639
10691 5932
10691 13051
10691 5437
10691 36248
10691 14471
10691 7635
5854 12639
5854 5815
5854 12853
5854 12854
5854 4965
5854 12163
5854 8701
12639 32078
32078 5815
5815 11843
11843 29799
11843 13135
11843 5811
29799 4501
29799 4499
29799 27140
4501 28883
4499 29872
4499 11832
4499 29873
4499 27140
29872 11832
29872 25431
11832 25431
11832 10374
25431 41797
25431 29787
25431 29873
41797 29787
41797 29873
41797 16293
29787 29873
29873 16293
16293 46178
46178 34923
34923 23846
34923 10273
23846 2309
23846 37108
2309 16881
2309 8624
2309 22057
16881 2833
16881 8538
16881 4475
2833 25746
2833 25739
2833 8538
2833 25735
2833 25106
2833 5468
2833 4475
25739 4342
4342 29493
4342 16579
4342 29499
4342 29498
4342 29492
4342 29488
4342 29486
4342 29497
4342 29495
4342 10974
4342 29500
4342 29487
4342 7025
16579 44845
44845 13926
29487 9360
9360 7301
7301 2709
2709 25011
2709 25016
2709 25015
25015 49763
49763 26963
26963 3124
3124 14078
3124 6556
3124 8404
14078 32852
14078 6556
32852 32859
32859 42509
42509 27823
42509 16178
42509 55288
16178 12445
16178 40856
16178 42530
16178 11508
16178 12215
12445 43838
12445 6259
12445 27855
12445 27615
12445 42530
12445 12336
6259 16212
6259 7643
16212 12587
12587 18589
18589 29055
29055 37239
37239 22182
22182 40855
22182 27713
22182 3574
22182 22899
22182 40965
22182 15626
40855 40856
40856 32851
40856 12215
27713 30146
27713 28059
27713 15619
27713 28056
27713 15620
27713 40965
28059 15620
28059 10829
28059 15626
15619 15620
15619 15611
15619 10829
28056 15620
15620 15611
15620 10829
15611 15616
15611 10829
15611 15626
15611 15624
15616 10829
15616 3656
10829 3050
3050 16359
3050 3819
3050 21017
3050 12410
3050 11388
3819 22061
3819 23758
3819 4107
3819 6170
22061 48702
48702 56459
21017 41078
21017 41077
21017 48274
21017 27716
41078 41077
41078 48274
41077 54929
12410 11391
12410 3038
11391 41767
11391 11193
11391 3061
11193 332
11193 11388
11193 3719
6322 29951
29951 20563
20563 23665
20563 4983
20563 5305
20563 27716
23665 25001
23665 4983
23665 14633
23665 5730
25001 23664
25001 29755
25001 4983
25001 26539
23664 8992
29755 26539
29755 8304
29755 11871
4983 30693
4983 26539
4983 2550
4983 10986
30693 14633
30693 26539
30693 10986
14633 26539
26539 33893
26539 32540
26539 6000
32540 41021
32540 32539
32540 5912
41021 10632
41021 32539
10632 17804
10632 10986
10632 5497
10632 5229
10632 2595
17804 3658
32539 5912
5912 1452
1452 10481
1452 12388
8304 37378
8304 18148
8304 5082
37378 23036
23036 2139
2139 9450
9450 27648
9450 5370
27648 8704
27648 11327
8704 11327
8704 25598
8704 27650
8704 27652
8704 24660
8704 38109
8704 27655
8704 21331
11327 5023
11327 26630
11327 25598
11327 27652
26630 25598
26630 3210
26630 3042
26630 25607
26630 23859
25598 27650
25598 27652
25598 24660
25598 38109
27650 22328
27650 23859
27652 24660
27652 38109
27652 21338
27652 36425
27652 44752
24660 23859
38109 36425
21338 38817
21338 26627
21338 36425
21338 41378
38817 22328
38817 21331
22328 26627
22328 27655
22328 21331
22328 23859
22328 18148
22328 14662
26627 3210
26627 3042
26627 21331
26627 36425
26627 23859
26627 41378
26627 18148
26627 28779
3210 3042
3210 12523
3210 26628
3210 26632
3042 12523
3042 26628
3042 26632
3042 877
877 2938
877 842
877 2949
2938 8523
2938 842
2938 1219
2938 8831
2938 12542
2938 2949
8523 10523
10523 21894
10523 7083
10523 25106
10523 7117
21894 48486
21894 48487
21894 7083
21894 7043
21894 9514
48486 48487
7083 34954
7083 34952
7083 2771
7083 32590
7083 7043
7083 10522
7083 11210
7083 15593
7083 34977
34954 34952
2771 25476
2771 9351
2771 1256
25476 8772
25476 8823
8772 38162
38162 12018
12018 32591
12018 5932
12018 12125
12018 34977
12018 7038
12018 7740
12018 8789
32591 5932
5932 32590
5932 12125
5932 10108
5932 12320
5932 6331
5932 5391
5932 7740
32590 34948
9351 7063
9351 2697
7063 27584
7063 2697
7063 2974
27584 51145
27584 47647
27584 3257
47647 19288
19288 36695
19288 3257
36695 39690
36695 39687
36695 39689
36695 14901
36695 39688
39690 54658
39690 23472
39689 27585
27585 51149
27585 51150
27585 33591
27585 3257
27585 11423
33591 43002
33591 18392
33591 26273
18392 26267
18392 26930
18392 13796
18392 27033
26267 50637
26267 27034
26267 27033
26267 26966
26267 22051
26267 40886
27034 34519
27034 21804
27034 27050
27034 26967
34519 37142
34519 25147
34519 40664
34519 13025
34519 35226
34519 38345
37142 10606
37142 26980
37142 26972
37142 26966
37142 26967
37142 8064
37142 40125
10606 40645
10606 23773
40645 27083
40645 27059
40645 40892
40645 26413
40645 27009
27083 25153
27083 27071
27083 27046
27083 24152
27083 27050
27083 27076
27083 27074
27083 26413
27083 27066
27083 27080
27083 18494
27083 27087
25153 27020
25153 26411
25153 27025
25153 37143
25153 21804
25153 27076
25153 26988
25153 26967
25153 22051
25153 2728
27020 27037
27020 27031
27020 41605
27020 21804
27020 18390
27020 26069
27020 40875
27020 26982
27020 6075
27020 26975
27037 26411
26411 42850
26411 27054
26411 27048
26411 2989
26411 35226
26411 27050
26411 40671
27054 26422
27054 35967
27054 27048
27054 40664
27054 26985
26422 2989
35967 27071
35967 32911
35967 26966
35967 27076
35967 11362
35967 26988
35967 27069
27071 27046
27071 24152
27071 27076
27071 18494
27071 27069
27071 27087
27046 23006
27046 24152
27046 27076
27046 26988
27046 27087
23006 27038
23006 23773
23006 27048
23006 27025
23006 27059
23006 21804
23006 27076
23006 26988
23006 10257
23006 11348
23006 40667
23006 27082
23006 6075
27038 23773
27038 27048
23773 4781
23773 41419
23773 27064
23773 22051
23773 30335
23773 26971
23773 7303
23773 3258
4781 10124
4781 9217
4781 30335
4781 2233
10124 39947
10124 7037
10124 8804
41419 12525
27064 27018
27064 34522
27064 40910
27018 27011
27018 27009
12525 14763
12525 14741
12525 43886
12525 12014
12014 18896
12014 11469
18896 42478
18896 11469
42478 11469
11469 3397
11469 10634
11469 29077
11469 8439
3397 7488
3397 15170
10634 22473
10634 8571
10634 5512
22473 14755
22473 10505
22473 2549
22473 4197
14755 45319
14755 14751
14755 8649
14755 3163
14755 1994
14755 10468
14751 21493
14751 7488
14751 14746
14751 637
21493 9253
21493 7488
21493 14746
21493 48451
9253 32206
9253 38773
9253 7996
9253 1800
32206 5621
32206 52645
7996 2959
2959 9040
2959 1837
2959 6860
9040 19419
9040 15192
9040 22791
9040 4995
19419 36368
19419 22791
19419 4995
19419 11757
36368 25704
36368 28722
36368 12387
36368 9818
36368 28723
25704 7037
25704 5666
28722 7037
28722 5666
7037 10126
7037 28723
8804 38204
8804 28601
8804 2910
8804 10518
8804 2066
28601 3661
28601 8807
3661 28600
3661 8693
28600 8693
8693 5523
8693 2470
5523 6033
5523 21482
5523 31969
5523 31971
5523 12657
6033 24191
6033 28241
6033 3701
6033 12657
24191 28239
24191 22779
24191 2470
24191 21482
28239 18591
18591 36498
18591 43991
18591 47391
18591 22779
18591 2470
18591 24192
18591 8542
43991 21482
43991 12657
22779 24190
22779 2470
22779 24189
24190 2470
24190 24189
2470 24189
2470 24192
2470 19195
2470 24188
24189 49624
24189 24192
24192 28241
24192 28244
24192 28253
24192 12657
28241 21482
21482 4437
21482 14899
21482 48449
21482 31329
4437 29685
4437 29686
4437 6742
6742 34285
6742 15892
6742 34287
6742 34288
6742 8886
34285 17402
34285 15892
17402 27856
17402 16119
17402 46736
17402 45998
17402 15892
17402 46000
27856 3347
46736 56129
45998 15892
15892 45999
15892 11533
15892 17412
15892 17401
15892 17408
15892 46000
15892 10900
15892 30675
11533 4811
11533 10900
11533 30675
11533 15359
4811 1079
4811 4907
4811 5807
1079 15366
1079 12200
1079 17371
1079 15358
1079 5313
4907 30625
4907 30626
30625 52166
30625 41327
41327 55002
41327 19528
19528 30626
19528 8649
8649 8542
8649 3163
8649 8156
8542 32132
8542 8653
8542 8201
8653 1378
8653 8610
8653 11177
8653 22574
8610 11177
8610 9134
11177 42237
11177 42236
42237 55200
42236 55199
42236 22574
22574 48905
22574 18041
18041 33255
33255 6247
33255 22749
6247 7170
7170 12520
7170 17639
7170 8539
7170 2790
12520 30165
12520 2790
12520 7049
12520 12514
12520 26280
30165 48171
48171 24840
24840 48170
24840 30375
24840 48168
24840 2697
30375 52070
30375 6075
2697 24839
2697 15702
2697 2760
2697 1278
24839 6719
24839 24722
24839 8880
24839 33584
6719 34244
6719 6860
8880 6913
8880 3490
6913 11641
3490 28168
3490 3966
3490 28166
3966 29113
29113 7043
29113 10535
7043 8831
7043 34899
7043 8823
7043 23653
10535 5330
5330 12022
5330 5298
12022 10529
10529 2910
10529 10518
10529 2066
10529 29638
10529 29642
10529 8311
2910 26016
2910 8311
10518 13192
10518 11077
10518 8383
10518 26381
13192 11077
13192 26381
11077 8383
11077 8723
8723 14323
8723 8166
8723 4054
8723 1796
8723 26381
8723 17118
8166 21601
8166 24905
21601 48506
4054 29227
4054 22066
4054 12111
4054 10130
4054 18076
29227 17118
22066 28558
22066 14723
28558 3646
3646 28559
14723 41443
14723 3347
3347 1070
3347 27855
3347 513
3347 1566
3347 4403
3347 6083
3347 12353
1070 15364
27855 15364
27855 33005
15364 15366
15364 24599
15364 20768
15364 17889
15364 15358
15364 4123
15364 5848
15366 15358
15366 5259
15366 4123
12200 17412
12200 17401
12200 17408
12200 1616
12200 8974
12200 11988
17412 12196
17412 17408
12196 15953
12196 5295
12196 17401
12196 17408
12196 30675
5295 12402
5295 15940
12402 30554
12402 12486
30554 11243
11243 19242
11243 6004
11243 12062
19242 6004
19242 1493
6004 4609
4609 16166
4609 1493
4609 9811
16166 39202
16166 9599
16166 16167
16166 842
16166 17289
39202 9599
39202 21209
9599 29423
9599 4232
9599 16167
29423 4232
29423 10375
4232 8259
4232 17080
16167 842
842 3318
842 857
842 16164
3318 1219
3318 7643
3318 7611
1219 18091
1219 18088
1219 12862
1219 3334
1219 18085
8831 8835
8831 38221
8831 7695
8835 38221
7695 10522
7695 8834
10522 21994
10522 7117
21994 21996
21994 16084
21996 16084
21996 23421
16084 46069
23421 39907
23421 10087
23421 2189
39907 10087
10087 39910
10087 23422
10087 24207
39910 54712
39910 54711
23422 2189
2189 1369
1369 18872
1369 18875
1369 2424
1369 18873
1369 13038
2424 2308
2424 24055
13038 14721
13038 19390
13038 44238
13038 22341
13038 2122
13038 2119
13038 22967
13038 27220
14721 37886
14721 27157
14721 3153
14721 22967
37886 28392
37886 27157
28392 44140
28392 40997
28392 20019
44140 15474
15474 24058
15474 26251
24058 5368
5368 23691
5368 5366
5368 31404
5368 5377
5368 31314
5368 5298
5368 5080
5366 12900
5366 5298
12900 17823
12900 5974
12900 10779
12900 5634
17823 1169
1169 822
1169 4767
1169 1077
822 5065
822 104
5065 30834
5065 5647
5065 16146
5647 16042
5647 15910
5647 2141
16042 7735
7735 19664
7735 28908
7735 15910
7735 8413
19664 47796
19664 13037
19664 1624
19664 7272
13037 29577
28908 15918
28908 15899
28908 15910
15918 15899
15918 15910
15899 46013
15899 15896
15899 15910
46013 15896
16146 17320
16146 4872
16146 26183
16146 29347
16146 2946
16146 16204
16146 31367
17320 4872
4872 5777
5777 18821
18821 18816
18821 11766
18816 8486
18816 1837
18816 7405
8486 1837
1837 21348
1837 7405
1837 18815
1837 20918
7405 18815
7405 31711
18815 41224
18815 17547
18815 3522
18815 10985
18815 5421
17547 16955
16955 3712
16955 8149
16955 2908
3712 28739
3712 3560
3712 2549
3560 11962
3560 3558
3560 4162
3560 12677
11962 43453
11962 3558
11962 29344
11962 7234
43453 28360
28360 33013
28360 6114
28360 3558
28360 28357
28360 20848
33013 6114
6114 6165
3558 28361
3558 28357
3558 20918
3558 7263
28357 11147
28357 4162
28357 8114
20848 29236
20848 21246
20848 22057
20848 18556
20848 5583
21246 8997
21246 19447
21246 6145
21246 15170
21246 4876
21246 3730
8997 10876
19447 47717
19447 28901
19447 16080
19447 31416
28901 16080
28901 19449
16080 30527
16080 5259
30527 19449
19449 12308
19449 5349
19449 1966
12308 43695
12308 12062
12308 10378
12308 5383
12308 26550
12308 26952
12062 1493
1493 19240
1493 6606
1493 11266
19240 47625
6606 19750
10378 5296
10378 5383
5296 5349
5296 12883
5349 28264
5349 4641
5349 11995
5349 19147
5349 5259
5349 11801
5349 5332
5349 1655
28264 3527
3527 15812
3527 3377
15812 15802
15802 45945
15802 15808
15802 15687
15802 7488
15808 12698
15808 11266
15808 15687
12698 11519
12698 11266
12698 16256
11266 15687
11266 10946
11266 5305
11266 37982
11266 5680
15687 37982
16256 16455
16256 906
16256 1479
16455 46084
16455 906
906 16108
906 16452
906 16453
7488 14762
7488 14746
7488 12099
14746 3163
14746 1439
14746 1342
14746 637
3163 27214
3163 13131
3163 27213
3163 9168
3163 637
13131 13127
9168 1994
1994 22102
1994 8051
1994 17080
8051 8154
8051 637
8154 175
8154 6945
175 8155
175 8152
175 8151
175 8149
175 8156
175 6689
175 637
8151 34237
8151 3939
3939 3573
3573 27257
3573 16961
27257 51055
27257 30161
27257 14740
51055 56584
56584 49483
49483 23912
23912 49481
23912 43197
23912 11737
23912 14880
23912 11155
23912 17645
23912 11123
23912 19180
23912 12677
23912 2334
23912 5446
43197 11737
11737 11123
11737 10860
14880 14899
14880 12305
14880 2440
14880 19180
14880 12677
14880 12097
14880 11869
14880 5446
14899 28105
14899 14921
14899 30014
14899 14863
14899 8557
14899 14872
14899 33301
14899 14902
14899 14907
14899 14866
14921 14863
14921 14907
30014 14863
30014 14872
30014 33301
30014 14907
14863 14891
14863 14452
14863 8557
14863 14872
14863 33301
14863 14902
14863 14907
14891 14452
14452 7111
14452 29660
14452 1186
7111 35060
7111 22764
7111 4851
7111 29129
7111 13719
35060 53570
22764 6145
22764 19146
22764 44685
22764 44686
22764 11388
22764 24256
22764 13769
22764 5298
6145 17969
6145 11829
6145 15170
17969 14315
17969 19441
17969 46964
17969 1202
17969 5666
1202 1157
1202 2090
1157 17722
1157 1205
17722 12848
12848 12856
12848 12853
12848 1912
12848 2393
12848 11693
12848 12850
12848 17361
12848 8701
12856 30677
12856 12853
12856 12854
12856 6842
12856 12849
12856 4965
12856 30678
12856 5452
12856 8701
30677 12853
30677 12849
30677 11182
30677 38107
30677 52187
30677 4965
30677 31600
30677 5452
30677 8701
12853 25400
12853 8263
12853 12854
12853 1912
12853 6842
12853 6299
12853 12849
12853 11182
12853 38107
12853 4965
12853 30678
12853 31600
12853 5452
12853 44024
12853 4661
12853 8701
25400 5452
25400 22832
8263 12854
8263 1912
8263 6299
8263 12849
8263 4965
8263 37335
8263 8701
12854 1912
12854 12849
12854 4989
12854 17814
12854 30678
1912 21707
1912 6842
1912 12849
1912 12736
1912 8701
6842 12697
6299 12849
12849 11182
12849 38107
12849 44101
12849 8206
12849 4965
12849 44102
12849 11693
12849 17645
12849 5974
12849 31600
12849 8701
11182 42245
11182 38107
11182 4965
11182 8701
42245 55204
38107 8701
8206 37288
8206 19688
19688 6185
6185 28756
6185 5804
28756 3730
5804 30681
30681 4969
4969 19239
4969 9447
19239 31686
31686 21205
21205 12207
12207 9586
9586 20918
9586 21195
9586 1255
9586 1771
9586 12282
9586 21209
9586 18169
20918 29194
20918 7372
20918 7263
20918 22718
29194 7372
7372 7263
7263 22718
7263 11766
7263 4641
7263 3522
7263 17361
11766 17874
4641 12883
4641 11801
4641 5380
4641 10273
4641 5332
4641 11109
3522 28224
28224 51422
28224 51421
28224 25547
28224 8222
8222 20967
8222 14740
8222 5527
20967 1796
1796 12099
1796 20965
12099 5756
12099 6165
5756 2258
5756 5786
2258 16087
2258 14590
16087 11227
16087 9097
11227 31354
11227 42300
11227 16089
11227 42301
11227 5326
11227 9589
31354 5326
42300 43686
43686 44310
43686 15970
43686 47508
44310 29347
44310 31855
44310 24304
15970 5667
15970 12668
5667 7747
5667 8557
5667 12675
5667 12140
7747 36529
36529 53832
8557 6336
8557 14872
8557 33301
8557 14902
8557 14907
8557 8636
6336 14872
6336 33301
14872 45380
14872 14902
33301 49783
33301 14907
14902 14907
14907 45413
14907 11180
14907 5446
45413 50335
50335 37752
50335 29483
50335 37749
37752 37749
29483 11186
29483 11538
29483 37749
11186 11185
11186 17587
11186 8362
11186 5728
11186 9214
17587 17594
17587 4548
17587 8362
17587 8028
17587 9214
17594 46815
17594 8362
17594 9214
17594 10440
4548 29967
4548 29966
4548 8781
4548 29969
4548 17531
4548 9214
4548 2327
29967 26519
29967 11887
29969 37261
29969 29987
37261 29987
37261 16961
29987 4565
29987 16961
29987 46556
29987 12694
17531 17579
17531 12246
17531 17639
17531 17602
17531 17634
17531 9205
17531 9214
17579 17561
17579 12246
17579 17572
17579 9205
17579 17622
17579 9207
17561 12246
17561 9205
17561 17622
17561 9214
17561 9207
17561 11289
12246 17565
12246 9207
12246 11289
17639 17602
17602 18935
17634 17609
17634 25573
17634 17565
17634 9214
17609 8028
25573 7806
18935 10731
18935 43676
18935 22341
10731 41883
10731 291
10731 22969
43676 42010
42010 14631
14631 14603
14603 45195
14603 44197
14603 14630
14603 34125
14630 34125
34125 10750
10750 8790
8790 10901
10901 5677
10901 17081
10901 10912
10901 10290
10901 7048
5677 10911
5677 17081
5677 13051
5677 10912
5677 1448
10911 16277
10911 10912
16277 24241
16277 24037
16277 4915
16277 3396
16277 17401
16277 17408
24241 2492
4915 12622
4915 5005
4915 10258
4915 1041
17401 17408
17401 30675
10900 17371
10900 10369
10900 4823
30675 12649
15359 45678
12649 43983
12649 15184
12649 40172
12649 38797
12649 43984
12649 12305
12649 40448
12649 16344
12649 19639
12649 8029
43983 55673
15184 40172
15184 12622
15184 38797
15184 12305
15184 16344
15184 37313
40172 40174
40172 16954
40172 40448
40174 16954
16954 43777
16954 15192
16954 12622
15192 15187
15192 32532
15192 32534
15192 33098
15192 5680
15192 15180
15187 15205
15187 32532
15187 32534
15187 33098
15205 3378
15205 36601
15205 32532
15205 32534
3378 27933
3378 5517
27933 51300
36601 32532
32532 32534
32534 15180
12622 38797
12622 12305
12622 37403
12622 7560
12305 5910
12305 40448
5910 32537
5910 11149
5910 22039
5910 5569
32537 22039
5569 12301
12301 1007
12301 4107
12301 35893
12301 12278
12301 12280
12301 10952
12301 12297
1007 150
1007 12280
150 6860
6860 9202
9202 8149
9202 7155
8149 20965
8149 7239
20965 35510
35510 41396
35510 41395
41395 35324
35324 39680
35324 48238
35324 35304
39680 54653
39680 48238
48238 53615
53615 42736
42736 35321
42736 52477
42736 52475
42736 52486
42736 31617
42736 31622
42736 52474
42736 35304
42736 51622
35321 52477
52477 31614
52477 52475
52477 52486
52477 31617
52477 47164
52477 31622
52477 52474
31614 52475
52475 31622
52475 52473
52475 42165
52475 53644
52475 52474
52486 31617
52486 47164
52486 31622
52486 52474
31617 52501
31617 52499
31617 47164
31617 31622
52501 52499
47164 31622
47164 52474
31622 52474
52473 52474
42165 11064
11064 42164
42164 55193
51622 28898
28898 10657
10657 5434
5434 31535
5434 14345
5434 5943
31535 21929
31535 46836
31535 27857
21929 14411
21929 22275
21929 12607
14411 14699
14411 14698
14699 14698
14698 27784
14698 12607
27784 22275
27784 3322
27784 22924
22275 23716
3322 12883
3322 12734
3322 21670
3322 23716
3322 22803
3322 12607
12883 19147
12883 14206
12883 5301
12883 1570
12734 451
12734 37567
451 12736
451 5
12736 44062
12736 31990
12736 37403
12736 24298
37403 8313
37403 44126
37403 54164
37403 54163
8313 37402
8313 37401
8313 37400
8313 16390
8313 15315
37400 28374
28374 50414
50414 56182
56182 57823
56182 56786
56182 57822
57823 57822
56786 55363
55363 42799
55363 45412
42799 55362
42799 19872
42799 25908
19872 9308
19872 13507
9308 17738
17738 5578
17738 17718
17738 18047
17738 7964
17738 2141
17738 6179
17738 18050
17738 9412
17738 17871
17738 1160
17738 1212
5578 17718
17718 17739
17718 12059
17718 1160
17718 46860
17739 1160
17739 32418
17739 46860
12059 18047
12059 5957
12059 1160
12059 4277
18047 27598
18047 6617
18047 8221
27598 29851
27598 3258
29851 12278
2141 12338
9412 12645
9412 5951
9412 11214
9412 1929
12645 3612
12645 4810
12645 11109
3612 372
372 11688
11688 8337
11688 3566
11688 7950
8337 37419
37419 36708
36708 7869
36708 25399
25399 5483
25399 5582
25399 38394
25399 11301
5483 31783
5483 31784
31784 6752
6752 26381
26381 26396
26396 38232
26396 26384
26396 16469
16469 24905
24905 32874
24905 32945
24905 6090
24905 49856
24905 8550
24905 20430
24905 20204
32945 6090
32945 31757
8550 37912
8550 10565
8550 14517
8550 2858
8550 29381
8550 8454
10565 29381
10565 18021
14517 29886
14517 45148
14517 8517
2858 6063
29381 8539
8539 33167
33167 52940
2790 7049
2790 12514
12514 11081
12514 10902
12514 6083
12514 420
12514 12353
26280 27759
27759 18731
18731 7547
7547 13914
13914 7935
7935 36853
7935 36855
7935 9350
7935 25340
7935 9355
7935 2754
7935 25346
7935 25344
7935 36854
9350 25340
9350 9355
9350 38937
9350 2754
25340 25347
25340 9355
25340 2754
25340 25341
25347 2754
9355 2754
9355 25343
2754 25346
2754 25344
2754 25343
2754 25341
2754 25351
2754 3213
2754 25345
25346 25344
25344 48782
25351 41436
25351 34322
25351 41432
25351 41433
25351 33848
25351 41434
41436 34322
41436 41432
41436 41435
41436 41433
41436 33848
41436 41434
34322 41432
34322 41435
34322 41433
34322 33848
34322 41434
34322 44413
34322 8861
41432 41435
41432 41433
41432 33848
41432 41434
41432 41437
41435 41433
41435 33848
41435 55019
41435 41434
41433 33848
41433 41434
33848 41434
33848 44413
33848 8861
33848 12468
41434 41437
8861 13657
8861 6539
8861 4444
6539 4444
4444 29720
4444 8371
4444 16423
8371 2393
8371 4989
8371 14475
8371 2108
2393 4989
2393 24025
2393 17323
2393 6119
2393 2108
4989 4484
4989 8701
17814 46887
17814 6328
17814 3930
17814 29077
17814 30008
6328 11420
6328 5383
3930 29077
30008 5005
5005 1479
10258 3574
10258 15626
10258 5491
3574 28384
3574 28390
3574 28385
3574 15626
3574 5491
28390 31344
31344 11965
31344 8483
31344 27716
11965 43458
11965 27655
11965 17166
11965 28915
21331 36425
21331 23859
21331 18148
21331 29660
36425 43568
36425 44752
36425 23859
36425 41378
36425 11348
44752 23859
23859 41378
23859 18148
23859 5339
23859 23791
41378 18148
18148 28779
28779 51576
28779 3739
51576 56972
51576 32410
51576 56971
51576 56973
51576 43971
32410 47773
32410 5809
3739 28777
3739 11104
3739 6218
11104 11120
11104 13030
11104 7155
11104 14421
11104 6083
11120 16390
11120 8058
16390 31310
16390 28275
16390 45144
16390 22113
16390 13362
31310 5291
28275 23922
45144 22113
22113 45142
15315 16123
15315 5011
15315 10779
16123 12447
16123 19146
16123 16362
16123 26251
12447 28692
12447 12448
12447 42531
28692 12448
28692 42531
12448 42531
12448 12441
12448 11505
12448 31060
12448 31393
42531 13006
13006 7712
13006 19408
13006 501
13006 11477
13006 13009
13006 966
7712 26602
7712 3061
7712 398
26602 50756
26602 3038
3038 3937
3038 26601
3038 2957
3038 12337
3038 23077
3038 12336
2957 24080
2957 26242
24080 7272
26242 50625
26242 37151
37151 13171
13171 13215
13171 10660
13215 44364
13215 44363
13215 14833
13215 4767
44364 33005
14833 45348
14833 5537
14833 4767
5537 5824
5537 32015
5537 19088
4767 12911
5824 5990
5824 21980
5990 6051
6051 10715
6051 5262
6051 11457
6051 5663
10715 41869
10715 6701
6701 1803
1803 8959
1803 1853
8959 12542
18091 18085
18088 12862
12862 44109
3334 18085
8823 21757
8823 20658
8823 18608
21757 48555
21757 18608
18608 22648
18608 21898
21898 30473
23653 2232
2232 1853
2232 9097
2232 19941
2232 3201
2232 19923
1853 19936
1853 1779
1853 19920
1853 12281
1853 3201
19936 1779
1779 2504
1779 18535
1779 19920
1779 19941
1779 2234
1779 12281
2504 9097
18535 18540
18535 18536
18535 30191
18535 4666
18535 9613
18540 7581
30191 4666
30191 30190
30191 9613
4666 30190
4666 30193
4666 16254
4666 9152
4666 9149
30193 32129
16254 46159
16254 16108
16254 16240
16108 16240
16452 33702
16453 5896
5896 32527
5896 12617
12617 17341
17341 31363
17341 1479
31363 52049
31363 5339
31363 16047
31363 18076
5339 11739
5339 18076
5339 26667
5339 31362
5339 31364
5339 5263
5339 5882
11739 11728
11739 11734
11739 11731
11728 11734
11728 11731
11734 11731
11731 37786
37786 8538
8538 37903
8538 10944
8538 8472
10944 35328
8472 37793
8472 10481
10481 15675
10481 12201
10481 29994
10481 20831
10481 949
10481 1212
12201 8353
12201 4175
12201 18213
12201 13120
8353 29938
29938 4530
4530 29937
29937 26994
29937 27035
26994 26067
26994 27011
26994 27025
26994 40664
26994 26980
26994 27059
26994 27035
26994 10257
26994 22051
26994 27009
26067 50367
26067 2920
26067 27030
26067 26987
2920 26066
2920 25175
2920 18323
2920 15465
2920 26068
2920 26065
2920 18390
2920 26069
25175 26065
25175 32908
15465 45769
26065 41020
41020 32908
32908 24909
32908 6075
24909 15578
15578 13070
15578 2054
15578 21980
15578 8029
13070 44261
2054 5934
2054 4226
5934 22075
5934 11332
22075 20191
22075 40727
22075 20150
22075 30945
22075 22078
20191 10180
10180 40017
10180 14383
14383 20054
14383 45066
14383 13409
20054 9500
13409 13577
13409 20051
13577 34017
13577 18061
13577 20051
13577 44565
13577 13484
18061 39445
18061 37436
39445 37436
39445 37441
39445 10022
37441 10022
10022 11667
11667 13979
11667 39432
13979 26728
13979 40025
13979 39432
13979 24950
13979 14010
13979 2868
40025 40024
40025 39432
40024 39432
14010 7967
7967 36999
7967 34354
7967 26790
34354 26740
34354 26790
26740 26774
26740 26801
26740 26790
26740 24946
26790 13448
26790 9767
13448 39469
9767 25511
9767 2868
9767 24938
25511 9712
25511 2868
25511 24938
25511 20176
9712 2868
2868 25847
2868 16497
16497 13494
13494 44513
13494 44514
13494 39970
39970 15589
39970 39741
15589 45829
15589 19812
19812 25665
19812 19811
19812 19815
25665 19810
25665 19825
19810 6770
19810 19815
19810 19827
6770 7882
7882 35847
35847 53790
35847 14788
14788 8091
14788 16901
14788 14817
8091 16901
8091 14815
8091 14817
8091 8492
16901 14815
16901 14817
8492 11420
8492 12042
8492 949
11420 12042
11420 30973
11420 8663
12042 30973
12042 8663
30973 18782
30973 8663
18782 8663
8663 29830
29830 8124
29830 5678
8124 10909
8124 28891
8124 29000
28891 51588
28891 28801
28891 43472
51588 28792
51588 43472
28792 11998
11998 43479
11998 43480
11998 11995
11998 24599
11995 26581
26581 3456
26581 5680
3456 5385
3456 8044
3456 3271
3456 28080
3456 26534
3456 15385
3456 7272
8044 37114
8044 25908
8044 7636
25908 42800
25908 2886
25908 26534
25908 42802
25908 42798
25908 42801
2886 11601
2886 25910
11601 9023
11601 25910
9023 3021
9023 38482
9023 38483
9023 6682
3021 26537
3021 3798
3021 26534
3021 6682
3798 28864
3798 5943
28864 36141
36141 53874
36141 11027
36141 24599
24599 20768
20768 5318
20768 48190
20768 48189
20768 30996
20768 19157
20768 31003
20768 17889
20768 8233
20768 24079
20768 33005
30996 24321
30996 41816
30996 19156
30996 31003
30996 27155
24321 5143
24321 24079
5143 27292
5143 30983
5143 19156
27292 30983
27292 19156
27292 31003
30983 41816
30983 31003
30983 12675
41816 19157
41816 31003
19157 5169
19157 19156
19157 19452
19156 31003
31003 27155
27155 23058
27155 3153
23058 31386
31386 5352
5352 19435
5352 8156
19435 5364
19435 42902
19435 29945
5364 4694
42902 50439
42902 29945
50439 29945
4694 25303
25303 10946
10946 6073
10946 11265
10946 11261
10946 5680
6073 5837
5837 4090
5837 12094
4090 1624
1624 12111
1624 4484
1624 19136
1624 7106
4484 15682
4484 29840
4484 13054
4484 13053
4484 13055
4484 22030
4484 385
4484 7106
15682 6165
13054 13053
13054 13055
13054 11526
13053 13055
13053 11526
13053 2108
13055 11526
11526 359
11526 4233
359 8227
8227 26183
8227 12375
26183 29347
26183 2946
26183 16204
26183 31367
26183 8215
29347 24304
31855 5497
24304 5586
5586 5052
5586 3197
5052 17096
17096 8386
17096 10912
8386 11357
8386 17081
8386 13051
8386 8496
8386 10912
8386 5668
8386 5809
8386 2492
17081 13051
17081 10912
17081 18682
13051 10912
13051 17095
13051 42298
8496 17889
8496 22030
8496 18682
8496 19105
17889 46925
17889 22030
22030 32581
32581 18548
32581 5930
18548 5274
18548 17917
18548 6293
18548 9152
18548 5810
18548 18759
18548 6166
18548 9145
5274 4216
5274 5448
5274 6293
5274 6053
5274 6166
17917 4216
17917 5448
17917 5522
17917 29401
17917 5649
17917 5752
17917 9149
17917 17914
17917 6166
4216 5448
4216 5522
4216 29401
4216 5752
4216 9149
4216 17914
4216 6053
4216 6166
5448 9603
5448 5522
5448 29401
5448 5649
5448 5752
5448 9149
5448 17914
5448 6053
5448 6166
5448 17913
5448 9145
6293 9184
6293 33281
9184 38745
9184 5522
9184 6166
9152 11334
9152 1600
9152 9138
9152 9603
9152 9145
11334 16026
11334 8221
16026 2923
16026 9520
16026 14646
16026 5454
16026 22265
16026 2328
2923 4607
2923 9520
9520 18556
14646 23354
23354 19916
23354 41742
23354 13090
23354 12414
41742 38111
38111 24139
38111 41745
38111 24807
38111 41098
38111 41113
38111 38113
24139 26583
26583 48661
26583 41114
26583 37008
48661 47530
48661 48648
47530 47526
47530 47525
47530 19014
47526 47525
47526 41099
47526 19014
47525 41114
47525 19014
41114 41099
41114 21700
41099 41745
41099 24807
41099 37008
41745 24807
24807 38113
24807 19014
37008 41098
41098 41113
38113 48648
38113 47524
38113 19014
48648 51554
47524 21700
47524 19014
21700 48547
19014 1400
1400 19015
1400 1446
19015 19390
22341 4079
4079 9622
9622 17767
9622 5407
9622 16047
9622 39220
9622 8093
9622 6062
5407 28013
5407 12612
5407 28016
5407 4758
12612 4253
12612 4810
12612 17407
12612 31035
4253 17371
4253 22585
4253 4823
17371 46728
15358 18163
15358 18162
18163 17780
18163 5226
17780 28945
28945 3835
3835 3716
3835 28946
3716 6223
3716 10256
6223 5484
6223 4316
6223 3457
6223 18850
6223 11820
6223 4965
6223 17329
5484 17787
17787 7026
17787 22800
17787 23210
7026 22048
22048 8624
22048 28593
22048 9589
28593 3658
3658 28595
3658 18895
3658 11698
3658 28596
3658 7689
3658 3762
18895 16977
11698 12297
28596 16171
7689 3750
7689 6603
3750 28801
3750 14926
3750 6603
3750 18556
28801 14926
28801 18556
14926 9270
14926 18556
9270 24800
24800 25768
24800 24072
24800 8192
24800 2839
24800 8201
25768 10130
25768 21567
25768 25771
25768 50190
25768 2839
10130 1874
10130 21567
10130 25771
10130 7490
10130 351
10130 6119
10130 3869
10130 2839
1874 21567
1874 8192
1874 2839
21567 25771
21567 30144
25771 2839
7490 14663
7490 8416
14663 24072
24072 8416
8416 8156
8416 24803
8416 8192
8416 30144
8416 5361
8416 7587
8156 37231
24803 9648
24803 6057
9648 28769
9648 3800
28769 3800
3800 3759
3800 771
3800 6963
771 15776
771 14362
14362 45055
14362 45054
14362 25509
45055 47963
45055 45054
47963 45054
25509 13499
13499 13968
13499 13704
13968 13394
13394 9872
13394 13584
9872 13584
13584 24938
13584 34070
24938 20176
24938 24946
24938 33610
24938 34070
20176 24946
20176 33610
20176 13484
24946 33610
24946 38497
33610 34070
33610 13484
34070 38497
34070 14349
34070 9728
38497 40726
38497 40725
38497 40722
38497 40728
38497 14349
38497 9728
38497 14359
38497 14358
38497 40724
38497 40723
38497 40731
38497 40727
40726 40725
40726 14349
40726 14358
40726 40724
40725 40722
40725 40728
40725 14349
40725 14358
40725 40724
40725 40727
40722 40728
40722 14349
40722 14359
40722 40724
40722 40723
40722 40727
40728 14349
40728 40727
14349 14359
14349 40724
14349 40723
14349 40731
14349 40727
14359 14358
14359 40723
14359 38488
14359 40727
14358 40724
14358 40723
14358 40731
40724 40723
40724 40731
40724 40727
40723 40731
40723 40727
38488 13452
40727 54861
40727 20150
20150 30945
30945 22078
22078 2668
22078 14811
2668 24585
2668 24589
2668 24586
2668 24588
2668 24587
2668 14811
2668 12163
14811 31168
31168 33084
31168 42533
31168 17186
33084 52920
33084 6144
6144 21811
6144 1937
6144 7748
6144 765
6144 6063
21811 1937
21811 7748
21811 21810
21811 3762
1937 7748
1937 21810
1937 5614
1937 3762
1937 17220
1937 21813
1937 13090
1937 8306
1937 5951
7748 21810
7748 3762
7748 17220
7748 13090
7748 8834
21810 24025
21810 3762
21810 21813
21810 13090
24025 5695
24025 5951
5695 9538
5695 1210
5695 4574
9538 19983
9538 8245
9538 5635
19983 12415
19983 8245
19983 5663
12415 5506
12415 6866
12415 43810
12415 9486
12415 2327
12415 1469
5506 21533
5506 31894
21533 21537
21533 21538
21537 21538
6866 17403
6866 8760
17403 29431
17403 6063
29431 4238
29431 16047
16047 7269
16047 35674
16047 9818
16047 17696
7269 35512
35674 12075
8093 21651
8093 12705
8093 6963
8093 7581
8093 3837
8093 7806
6963 6982
6963 13242
6963 11249
6963 3156
6982 7548
6982 13242
6982 11249
6982 11248
6982 1315
7548 12126
7548 11248
7548 9198
12126 18925
12126 11793
12126 11786
12126 18599
12126 1993
12126 4510
12126 14216
18925 29804
11793 43228
11793 17023
17023 46578
17023 3109
17023 10899
17023 9198
3109 11786
1993 10630
1993 12118
1993 5421
10630 4981
10630 11081
10630 6006
11081 11082
11081 1315
11081 420
11082 19822
19822 19837
19822 19820
19837 7639
19837 19818
19837 19820
19818 19820
19820 19825
19825 19811
19825 19850
19815 1717
19815 9306
1717 20280
1717 9306
9306 19855
9306 36493
9306 36492
9306 38819
9306 9516
19855 30273
19855 7715
7715 36493
7715 36492
36492 19827
19827 38388
19827 20205
38388 20205
38388 34427
38388 8974
20205 34427
20205 2491
20205 31711
2491 24237
31711 5857
5857 32444
5857 7473
5857 2234
7473 6645
6645 33965
6645 33964
6645 12816
33965 16258
33965 41996
33965 24266
33965 42399
33965 44010
16258 33964
16258 41996
16258 30073
16258 24266
16258 42399
16258 37918
16258 44010
16258 13119
33964 41996
33964 24266
33964 42399
33964 44010
41996 30073
41996 24266
41996 42399
41996 37918
41996 44010
41996 13119
30073 24266
30073 42399
30073 21663
30073 44010
24266 42399
24266 49652
24266 44010
24266 13119
24266 27140
42399 37918
42399 44010
42399 13119
49652 56608
49652 56607
37918 44010
37918 8569
37918 43187
21663 30052
21663 9638
30052 9638
30052 19713
30052 19714
30052 19712
30052 12694
30052 4612
9638 29260
9638 12427
9638 7560
29260 12982
44010 13119
44010 28882
13119 44280
13119 28882
44280 28882
28882 5835
5835 16347
5835 19136
5835 5957
5835 8569
16347 13180
16347 5414
16347 10375
16347 2549
16347 5848
13180 3519
3519 5383
3519 20422
5383 26550
5383 26952
5383 8992
26550 19146
26550 26952
26550 24152
26550 26988
26550 10257
26550 26982
19146 31416
44686 21768
21768 19147
19147 34279
5259 26698
5259 31245
5259 26952
26698 50845
50845 42252
42252 27471
27471 31462
27471 34287
34287 53340
8886 38270
8886 17708
8886 2817
17708 46857
2817 22988
2817 25681
2817 696
22988 49079
22988 25681
22988 39082
39082 15505
15505 23607
15505 34405
15505 34404
15505 34402
15505 23606
15505 6819
15505 34400
15505 45800
15505 45761
15505 15428
15505 34401
15505 34403
15505 25702
34405 34404
34405 34402
34405 23606
34405 6819
34405 34400
34405 45800
34405 45761
34405 15428
34405 34401
34405 34403
34405 25702
34404 34402
34404 23606
34404 6819
34404 34400
34404 45800
34404 45761
34404 15428
34404 34401
34404 34403
34404 25702
34402 23606
34402 6819
34402 34400
34402 45800
34402 45761
34402 15428
34402 34401
34402 34403
34402 25702
23606 49386
23606 34400
23606 45800
23606 45761
23606 15428
23606 34401
23606 34403
23606 25702
6819 34399
6819 34400
6819 34401
6819 34403
6819 25702
6819 3662
34400 45800
34400 45761
34400 15428
34400 34401
34400 34403
34400 25702
45800 45761
45800 34401
45800 34403
45800 25702
45761 15428
45761 34401
45761 34403
45761 25702
15428 34401
15428 34403
15428 25702
34401 34403
34401 25702
34403 25702
3662 28604
28604 29604
29604 36676
29604 51803
29604 17450
17450 36685
17450 35715
35715 7333
35715 52065
35715 38044
7333 35713
7333 35706
7333 35707
7333 35711
52065 30366
38044 27910
38044 8633
27910 8633
8633 38045
8633 16099
38045 27577
38045 29219
27577 51136
27577 19877
27577 26069
51136 56891
19877 32585
19877 3566
32585 7097
7097 35008
7097 21630
35008 35694
35694 30187
30187 9050
30187 7307
30187 9240
9050 21156
9050 7307
9050 9240
21156 21630
7307 3429
9240 38770
9240 26957
9240 3429
9240 923
38770 26957
3429 6579
6579 6675
6675 10601
10601 9380
9380 14151
14151 35726
35726 40795
35726 26109
35726 8598
40795 21541
21541 48474
21541 17481
17481 42214
17481 20516
17481 5420
17481 8382
17481 5433
17481 8598
17481 1123
42214 41658
41658 26133
41658 23388
26133 41487
26133 21816
41487 41490
41487 21816
41490 21816
21816 48584
21816 23391
21816 23388
48584 26116
48584 23391
26116 23400
26116 26857
23400 23391
23400 26857
23391 26856
23391 23401
23391 41485
23391 23379
23391 41279
23391 27820
23391 41654
26856 23370
26856 23401
26856 41485
26856 41654
26856 26848
23370 23366
23370 23401
23366 41491
23366 26857
23366 27820
41491 23401
41491 41485
41491 23388
23401 49299
23401 41485
23401 41654
41485 26857
41485 23379
41485 41654
26857 23381
26857 23379
26857 23388
26857 23362
23381 49279
49279 23379
49279 27820
23379 23362
23379 41654
23388 49287
23388 41279
23388 26113
49287 41279
41279 23362
41279 41654
27820 23362
23362 41654
41654 26848
26848 26113
26113 22800
22800 26150
22800 28895
26150 50565
28895 26149
26149 31501
26149 20516
31501 20516
31501 5420
20516 27533
20516 36398
20516 5420
20516 26109
27533 36398
5420 31499
5420 8382
5420 26109
5420 9810
8382 28385
8382 26109
28385 51466
28385 31037
51466 31037
31037 31460
31037 5344
5344 16451
5344 31245
5344 6057
16451 11341
11341 10912
10912 17095
10912 18682
10912 4277
17095 42298
18682 19136
19136 4233
19136 3505
4233 13059
13059 488
488 12817
488 12824
488 5757
488 5507
488 12818
488 463
488 2108
385 12006
385 12002
385 12005
385 2090
385 12003
385 5074
385 12004
385 5627
12006 17323
12006 17308
12006 12005
17323 13718
17323 11455
17308 3656
17308 17329
17308 20351
17308 1183
17308 2090
17308 8448
3656 16219
3656 12002
12002 13332
12002 12005
12002 2090
13332 24919
24919 13360
24919 25657
24919 26134
24919 26141
24919 7707
13360 44462
13360 24930
13360 26141
13360 7707
24930 49857
24930 26141
25657 49857
25657 13361
49857 26141
13361 14886
14886 26109
26109 39571
39571 26134
26134 48075
26134 26141
26134 7707
26141 7707
7707 5433
7707 8598
5433 8598
8598 37975
8598 24215
8598 11210
11210 42277
42277 30246
42277 15169
42277 42883
42277 32055
30246 24078
30246 45496
30246 31337
30246 40736
30246 15169
30246 32055
24078 45496
24078 13861
24078 49572
24078 32366
24078 46837
24078 49570
24078 23004
45496 31337
13861 13864
13864 31337
31337 40737
31337 40734
31337 40736
31337 40735
31337 40732
31337 40739
31337 45492
31337 15169
31337 45493
31337 32055
31337 45491
40737 40734
40737 40735
40737 40732
40737 15169
40737 32055
40734 40736
40734 40735
40734 40738
40734 40732
40734 15169
40734 32055
40736 40735
40736 40732
40736 40739
40736 15169
40736 32055
40735 40738
40735 40732
40735 40739
40735 15169
40735 32055
40738 40732
40738 32055
40732 40739
40732 15169
40732 32055
40739 15169
40739 32055
15169 42883
15169 32055
42883 32055
32055 42095
45491 55865
55865 45072
32366 47096
32366 32367
32366 47078
32366 46836
47096 32367
32367 47078
32367 47100
32367 46836
32367 27857
47078 47092
47078 46836
47078 27857
47092 47077
47092 47099
47092 50434
47092 47093
47092 46836
47092 27857
47092 43752
47092 46837
47092 49570
47092 46376
47077 50434
47077 43752
47099 50434
47099 47093
47099 46836
50434 47093
47093 56201
47093 40957
47093 46836
47093 27857
40957 54912
40957 47100
47100 47090
47100 46836
47100 27857
47090 46836
46836 27857
46836 46837
46836 49570
46836 46376
27857 43752
27857 51259
27857 18507
27857 46837
43752 12347
43752 46376
51259 46837
18507 47340
46837 46376
49570 56598
46376 23004
23004 17476
23004 4851
23004 5657
17476 17478
17476 24269
17476 5657
24269 18700
18700 7210
18700 2908
7210 15156
7210 10493
7210 7117
7210 27220
15156 10490
15156 10493
10490 31715
10490 27179
27179 3157
10493 22660
10493 19948
22660 10597
10597 11680
10597 7223
11680 8895
8895 33384
8895 31457
8895 8881
8895 6670
8895 11553
33384 11587
31457 11548
31457 34063
31457 8881
11548 38239
11548 24707
11548 12771
11548 33799
11548 8884
38239 8881
34063 11591
34063 34058
34063 34057
34063 11580
34063 34064
34063 42685
34063 34060
34063 34059
34063 11625
11591 34058
11591 34057
11591 11580
11591 34066
11591 34064
11591 34060
11591 34059
11591 11625
34058 34057
34058 11580
34058 42686
34058 34064
34058 42685
34058 34060
34058 34059
34058 11625
34057 11580
34057 34066
34057 34064
34057 34060
34057 34059
34057 11625
11580 34066
11580 34064
11580 42685
11580 34060
11580 34059
11580 11625
11580 42688
34066 42686
34066 34064
34066 42685
42686 34064
34064 42685
34064 34060
34064 34059
34064 11625
42685 34060
42685 34059
42685 11625
34060 34059
34060 11625
34059 11625
34059 42688
11625 42688
24707 33801
24707 33799
33801 33376
33801 12771
33801 11554
33376 7025
12771 11554
12771 7025
12771 8881
11554 34461
11554 14318
11554 8887
11554 8881
11554 34089
11554 33506
8887 7883
7883 10786
7883 21603
7883 33799
7883 9758
21603 15377
21603 33970
21603 15310
21603 2407
15377 31585
15377 9856
15377 40790
15377 33970
15377 7884
31585 52461
31585 34680
31585 9526
34680 10090
10090 21466
10090 16935
10090 3206
16935 10979
16935 966
3206 11645
3206 12715
11645 33799
33799 42761
33799 42874
33799 42756
33799 11558
42756 34594
34594 53446
11558 42582
11558 9934
11558 8884
11558 11588
9934 24759
9934 25668
24759 39810
24759 34472
24759 25668
25668 50141
25668 8436
8436 37724
8436 20051
44565 55784
13484 34054
13484 10356
13484 39268
34054 39356
34054 10356
34054 39354
10356 39270
10356 40220
10356 39268
10356 39274
10356 9500
39270 40220
39270 39268
39270 39274
40220 39268
39274 39354
9500 2829
2829 25730
2829 25729
2829 410
2829 4564
2829 696
25730 25729
410 9811
410 1616
9811 12387
9811 12388
12387 22494
12387 7106
22494 31860
22494 18846
22494 8571
31860 52553
18846 11753
18846 17008
18846 8571
18846 12118
11753 11755
11753 17032
11753 29801
11753 23049
11753 37590
11753 23108
11755 11757
11755 11759
11755 3181
17032 20294
17032 11775
20294 14655
20294 14645
14645 14670
14645 14662
14645 14658
14670 14662
14670 14658
14662 14658
14662 14664
14658 20459
20459 29660
29660 24848
24848 16667
16667 7636
7636 8500
7636 27583
7636 24256
8500 37849
8500 15881
8500 15593
15881 45971
15881 45974
15881 15873
15873 21712
21712 38819
21712 21980
21712 34941
21712 11563
19088 4638
19088 7560
4638 5328
5328 30701
30701 30113
30113 19717
30113 5011
30113 19712
19717 19716
19717 1656
19717 19712
19717 8029
19716 1656
1656 5011
1656 19713
1656 19715
1656 19714
1656 19712
5011 19712
5011 4564
5011 5082
5011 15182
5011 5008
19713 19715
19713 19714
19713 19712
19715 19714
19714 19712
19712 38994
19712 18878
18878 1371
1371 18879
1371 16089
1371 11214
16089 42301
16089 9589
5326 28981
9589 39191
47508 18978
18978 25574
18978 37966
18978 27603
18978 17871
18978 16436
18978 8595
18978 9526
18978 25079
37966 32342
37966 27603
37966 16436
37966 8595
32342 18979
32342 16436
32342 8595
32342 25079
32342 29370
18979 18974
18974 41557
18974 27603
18974 16436
18974 8595
27603 16436
27603 11248
17871 46909
17871 8924
17871 16436
17871 21070
46909 32120
8924 38335
16436 5730
16436 8595
5730 8170
5730 16791
5730 12838
16791 8115
16791 6825
6825 26344
6825 14422
6825 17846
6825 34413
6825 10721
6825 34113
17846 7065
7065 34413
7065 29034
29034 32295
29034 31330
29034 35154
29034 28922
32295 31330
31330 35154
31330 19676
35154 19676
35154 28922
19676 33198
19676 16842
19676 17166
33198 16842
33198 52948
33198 17166
17166 35818
17166 28922
17166 28915
35818 23586
35818 36178
35818 31525
23586 49369
23586 36178
23586 31525
23586 46478
49369 36178
36178 31525
36178 46478
31525 46478
31525 21765
21765 34666
21765 48566
21765 37487
21765 47473
34666 37487
37487 18855
37487 47473
18855 47473
18855 39882
18855 11954
18855 19380
18855 32721
47473 48451
39882 23597
39882 48561
23597 3888
23597 48561
23597 19380
3888 29005
29005 39883
29005 23594
39883 23594
23594 11954
11954 28989
11954 3455
11954 11983
11954 3869
28989 7339
28989 34242
28989 26950
28989 49113
28989 23056
28989 48426
28989 29148
28989 3869
28989 28985
7339 7223
7339 26970
7339 3994
7223 14859
7223 33670
26970 22477
22477 10609
22477 45519
10609 9856
33970 45330
33970 45562
33970 7817
9758 39433
9758 9134
39433 42047
42047 14296
14296 43056
14296 6682
43056 11889
43056 44031
11889 33584
3257 27583
27583 22458
22458 2033
2033 4226
2033 10985
4226 11361
4226 4068
4226 16880
4226 5668
11361 2550
11361 2537
11361 4244
2550 2236
2550 2434
2550 2537
2537 24286
4244 4068
4244 6203
4244 3687
4244 5663
4068 16887
4068 4316
4068 6203
16887 7296
4316 17536
17536 46531
17536 10700
10700 19750
10700 9344
10700 3213
19750 5437
5437 5614
36248 14471
14471 7635
7635 23456
7635 6062
23456 8402
8402 16652
8402 1945
8402 37590
8402 8701
8402 11767
8402 8974
16652 13718
16652 7907
16652 15854
13718 35655
35655 12242
12242 43629
43629 53323
43629 55571
53323 34242
34242 26950
34242 26952
26950 50942
26950 26952
49113 23056
23056 37166
23056 28922
28922 51638
28915 36346
28915 23791
28915 31697
36346 52661
36346 48533
36346 33908
36346 51929
48533 21670
21670 5789
21670 32396
21670 32397
21670 30279
23716 22924
23716 22416
23716 38786
23716 10450
23716 22238
22924 22939
22924 28950
22924 49040
28950 51644
28950 49040
28950 23611
51644 56986
51644 49040
23611 4116
4116 5427
5427 31516
5427 30044
30044 24882
30044 11801
24882 49844
24882 22882
24882 12097
22882 2106
2106 9438
9438 2012
2012 2192
2012 2264
2192 2264
2264 12891
12891 44126
12891 1154
12891 11388
1154 2349
1154 17695
1154 9603
1154 5583
1154 7564
1154 17696
2349 7559
2349 16880
2349 23937
2349 17695
16880 20634
23937 17695
20634 17118
20634 6010
17118 23482
17118 11423
17118 17907
17118 5583
11423 351
351 10125
351 2162
351 6057
10125 22057
10125 22049
10125 6057
22057 22049
22057 20422
22049 23906
22049 20422
23906 3701
23906 2332
2332 2162
2332 19452
2332 5583
2162 5305
2162 10600
5305 12801
5305 11265
12801 44086
12801 44085
37982 19203
19203 4810
19203 5680
4810 29917
29917 50044
29917 6162
29917 50045
29917 5614
50044 50045
6162 2122
5614 11180
5614 11715
5614 21209
5614 8042
3762 8259
3762 28833
3762 17220
3762 13090
3762 8834
3762 12163
8259 5582
8259 8448
5582 8974
17220 17244
17220 17230
17244 8834
17244 14345
17230 21813
17230 13090
17230 12163
13090 11155
13090 5508
13090 2137
11155 32120
11155 11170
11155 23329
11155 32121
11155 16417
11155 5508
11170 23329
11170 16417
11170 5508
11170 16423
11170 5263
11170 5583
23329 23333
23329 16417
23329 5508
23333 3621
23333 12851
23333 28522
3621 28523
3621 28522
12851 28522
28522 12819
28522 22899
12819 44096
12819 3602
12819 463
22899 49022
40965 15626
15626 15624
15626 5226
15626 22186
5226 5491
5226 5370
5226 5301
5491 22416
5491 11346
5491 22238
22416 27728
22416 22262
22416 22279
22262 22238
22279 22280
22280 22417
22417 5743
22417 20869
22417 23710
5743 22203
20869 38786
38786 30957
38786 9277
30957 23710
23710 22412
22412 10459
10459 30775
10459 37361
10459 10450
37361 22203
22203 8483
22203 8991
22203 37583
22203 25964
8483 8991
8991 22202
8991 37567
8991 37703
8991 37504
8991 22186
8991 25964
22202 22222
22202 30443
22202 10450
22202 30446
22222 48764
22222 38554
48764 38554
30443 48749
30443 9277
30443 37567
30443 22186
30443 37583
9277 8388
8388 31160
8388 19703
8388 37457
31160 52331
31160 45850
52331 45850
37457 22219
22219 35368
35368 10450
10450 37583
30446 8993
8993 37567
8993 37571
37567 37571
37567 37583
37583 22205
22205 38563
38563 30419
30419 22803
22803 27639
22803 21804
27639 3271
3271 8636
3271 26694
3271 22480
3271 17277
3271 26952
8636 13030
8636 12040
8636 5795
13030 31368
13030 513
13030 7155
13030 14421
13030 23940
13030 23943
13030 6063
31368 5781
513 5621
513 398
5621 32204
5621 32208
5621 235
5621 398
235 2440
235 9657
235 3695
235 493
2440 8699
2440 10305
2440 291
2440 10741
2440 2171
9657 1479
8699 1469
10305 40155
10305 261
261 7125
261 291
261 3719
261 10301
261 2990
261 10303
261 284
17628 35376
16284 17480
17480 1123
17480 10728
17480 12668
1123 17482
1123 2143
1123 4492
2143 4599
2143 1992
4599 21266
4599 1042
21266 1825
1042 10393
1042 10369
1042 3994
1042 17289
10369 17407
10369 11536
10369 5313
10369 16143
10369 16141
10369 16150
10369 14345
10369 10391
10369 17406
17407 11536
17407 5951
17407 16143
11536 5313
48426 21436
48426 29148
29148 51686
29148 17679
29148 30366
17679 11180
17679 6057
17679 16464
11180 12275
11180 12282
12275 1945
12275 19452
1945 1984
1945 12276
1945 8671
8671 29801
29801 30161
29801 11775
11775 23049
11775 11777
23049 11759
23049 11767
37590 11767
15854 7910
7910 481
7910 9818
7910 12273
7910 5008
9818 34763
9818 1380
34763 6959
34763 12098
12098 9400
9400 34610
9400 38985
9400 38988
9400 17753
34610 29843
29843 34611
34611 38985
38985 54489
38985 54488
38985 30394
17753 46873
17753 6187
6187 8641
8641 38054
8641 38053
8641 32603
8641 38052
8641 27126
8641 21435
8641 6165
27126 21435
6165 482
482 12957
482 6183
482 509
482 12982
482 493
12957 3602
6183 4630
6183 3859
6183 4403
6183 11514
4630 19635
4630 3859
19635 1616
19635 15958
3859 1616
3859 15958
3859 4632
1616 19643
1616 19639
1616 19636
1616 19641
1616 1801
1616 463
1616 1633
1616 19637
1616 501
1616 12816
19643 12160
12160 10126
5666 28723
5666 22411
5666 11949
22411 6092
11949 11957
11957 11355
11355 11147
11147 4162
11147 5924
4162 29344
4162 6617
6617 33906
6617 12273
12273 12416
12273 11116
12273 11119
12273 7716
12416 42201
12416 36620
12416 11116
12416 7716
42201 36620
42201 11116
36620 11116
36620 7806
11116 11119
11116 12538
11116 19549
11116 17778
11116 7716
11116 6010
12538 7716
19549 47746
47746 19551
19551 5781
5781 23018
5781 19537
5781 3959
17778 42063
17778 3175
42063 10985
42063 12125
42063 14421
10985 7245
10985 9827
10985 304
10985 5421
10985 10848
7245 5668
9827 28367
28367 12125
12125 19769
12125 3687
1256 8963
1256 18178
8963 7239
8963 36494
36494 7716
7716 5807
7716 6010
5807 3746
5807 1153
5807 18859
5807 5930
5807 2137
3746 7125
3746 1153
7125 3457
7125 1966
3457 9810
3457 6300
9810 17502
18850 7832
18850 8992
11820 15974
11820 5497
4965 30678
4965 8701
17645 30366
11123 13270
11123 42204
13270 39934
13270 6053
13270 1992
39934 10108
10108 1479
10108 7950
12320 9183
9183 9169
9183 9155
9183 5936
9169 18592
9169 22084
9169 38739
9169 7106
9169 9164
9169 9155
9169 9131
18592 7106
18592 9164
18592 9155
22084 14235
22084 38739
22084 33024
14235 38739
33024 6119
6119 8200
30678 5974
30678 8701
5974 5502
5974 17329
17329 20351
17329 40602
17329 15977
17329 12142
17329 17326
17329 11455
17329 2108
20351 21679
20351 8448
20351 17900
20351 7106
21679 24038
1183 17315
1183 2197
1183 17900
1183 7106
17315 40600
40600 40602
40602 15977
15977 12142
15977 17327
15977 17643
15977 5074
12142 17326
12142 17987
12142 17327
12142 5074
12142 2108
17326 17987
17326 17327
17326 5074
17326 2108
17987 11455
17987 17327
11455 17327
11455 5074
17327 21820
21820 12005
21820 19965
21820 2108
21820 7106
12005 12004
12005 21128
12005 29102
12003 22431
12003 25279
12003 36651
12003 19608
12003 17210
12003 3449
25279 49999
19608 19613
19613 19612
19613 12838
19612 47775
19612 12814
12814 12838
12838 26589
26589 35512
35512 16056
16056 19962
19962 41645
19962 26047
19962 25735
19962 3011
41645 26047
25735 50178
25735 4475
25106 15305
25106 49931
7117 15593
7117 10489
15593 1153
7038 26016
2066 8807
2066 14464
8807 38208
14464 18229
14464 45117
14464 14590
14464 23088
14590 45188
14590 45187
14590 5430
45187 55890
45187 23088
23088 23090
23088 23091
23088 9514
23090 23091
23090 35437
23091 9514
23091 35437
9514 35435
9514 35437
9514 7034
9514 10876
9514 7614
7034 19948
19948 6958
19948 8724
6958 29303
29303 4594
29303 4130
4594 17368
4594 1077
4594 4130
4594 1016
17368 1077
17368 4130
1077 17366
1077 4130
1077 7817
1077 14740
1077 5454
1077 1194
17366 4130
4130 5454
4130 1194
14740 8595
8595 22601
22601 7159
22601 7162
7159 22603
7159 3023
7159 7162
22603 3023
3023 7162
16961 8927
16961 46556
12694 18056
18056 10876
18056 7614
10876 7614
10876 4949
10876 9513
10876 5317
10876 2137
7614 4952
7614 4949
7614 9536
7614 2212
7614 30652
7614 9513
7614 36320
7614 36318
7614 36316
7614 7442
4952 4949
4949 16425
4949 9536
4949 30651
4949 30652
4949 20606
16425 9536
16425 9513
16425 24125
16425 3641
16425 2137
9536 4208
9536 2212
9536 7442
4208 2137
2212 9513
2212 5430
30652 36318
20606 31925
20606 5678
5678 18076
5678 16417
18076 5465
18076 5957
18076 5786
18076 21666
18076 37313
18076 1959
18076 31364
5465 31682
5465 1457
5465 16099
5465 5263
5465 11715
31682 40448
40448 16344
19639 8029
19639 21553
19639 47789
19639 47788
8029 37093
8029 21553
37093 13162
47789 56331
19636 5114
19641 19637
15958 21072
15958 41685
21072 4632
21072 41685
41685 55111
1801 17212
1801 8834
1801 17210
1801 2097
17212 8834
8834 17210
16143 46111
16143 16141
16143 16150
16143 10391
46111 50519
16141 10374
16141 16150
16141 16168
16141 843
16141 910
16150 16168
16168 843
843 910
910 4203
910 16460
910 15964
910 11988
4203 16460
4203 11988
15964 4120
15964 808
4120 2122
4120 808
2122 2411
2122 22973
2122 22971
2122 22972
2411 24030
22973 22971
22973 49073
22973 22972
22971 49073
22971 22972
27157 3153
3153 6099
6099 32967
6099 32968
6099 14269
6099 11887
32967 15440
32968 52869
15440 14269
15440 11887
15440 3832
14269 11887
11887 3832
3832 26526
26526 26522
26526 26524
26526 26525
26526 6180
26524 26525
26525 6180
6180 3455
3455 11475
3455 5291
11983 36593
11983 43470
36593 30519
36593 7777
30519 15732
30519 5497
7777 22612
7777 19408
7777 4163
22612 40686
22612 48914
22612 23084
22612 17740
22612 44410
22612 43945
22612 41126
22612 16164
40686 23084
23084 10721
23084 16164
23084 35014
34113 7570
34113 22843
34113 26935
7570 36243
7570 36235
7570 36240
7570 36241
7570 36242
7570 36236
7570 36238
7570 36239
36235 36240
36235 36241
36235 36242
36235 36236
36235 36238
36240 36241
36240 36236
36240 36238
36241 36236
36241 36238
36236 36238
26935 12995
12995 27096
12995 7582
12995 22791
27096 35531
27096 18317
7582 19757
7582 9549
7582 32927
9549 36031
9549 3150
9549 5019
9549 9572
9549 30738
32927 14424
32927 6083
22791 2097
4995 941
941 16782
941 1045
941 15
1045 1222
1222 17981
1222 5400
1222 1908
17981 1205
1205 1186
1186 857
857 4572
857 4593
857 1457
857 1402
857 16164
857 104
4572 29995
4572 29994
4572 4593
29995 29994
16099 16240
16240 36355
16240 19180
36355 19180
36355 12427
19180 12677
19180 5446
12677 28883
12677 5811
27140 51002
27140 51000
27140 17728
27140 5380
17728 10905
17728 27220
10905 8300
8300 37377
8300 37376
8300 12325
12325 38335
12325 1966
38335 15399
38335 11487
11487 21073
11487 42501
11487 11486
21073 21068
21073 21070
21068 21077
21068 21066
21068 21070
21077 21066
21066 48301
21070 3258
42501 18529
18529 11486
18529 43511
43511 12075
12075 17377
17377 5624
17377 5809
17377 16417
17377 19444
5809 8233
8233 3841
8233 30366
8233 8215
3841 28952
28952 30872
30872 52235
52235 57107
52235 57106
30366 52064
30366 40699
30366 40700
30366 52066
30366 40692
30366 5454
40699 40700
40699 40692
40700 40701
40700 40692
52066 40692
5454 1439
5454 1342
5454 12668
1194 6000
1194 8311
1439 1342
1439 18691
1342 18691
18691 35858
35858 8413
35858 7969
8413 19341
19341 16031
16031 7969
7969 37003
7969 6071
6071 10509
6071 10986
6071 5716
10509 10501
10501 10505
10501 5680
10501 8363
10505 3945
10505 16414
16414 5464
16414 27099
5464 10902
5464 8363
5464 17874
10902 11823
10902 27716
10902 3505
10902 5630
10902 6166
11823 9486
11823 23943
27716 4231
27716 12679
4231 12681
4231 12675
4231 7643
4231 12672
4231 4507
12681 12675
12681 7643
12681 12679
12675 7643
12675 12140
12675 21666
12675 12672
7643 12672
7643 4507
7643 29275
27615 3264
27615 11285
27615 12600
3264 27613
3264 11388
3264 10475
3264 27614
3264 24256
3264 13769
11285 5414
11285 16248
11285 12336
5414 17289
5414 17740
5414 8701
5414 12094
17289 14505
14345 5370
14345 14327
10391 17406
17406 16289
4758 4685
4758 3566
4685 1566
1566 19408
19408 4163
19408 12353
17740 46869
17740 46870
17740 17691
17740 1160
17691 1153
1153 8952
1153 1800
8952 7602
8952 38364
7602 3150
3150 5019
5019 9572
5019 30738
5019 1659
9572 30738
1659 6204
6204 33211
6204 18614
6204 7296
6204 8789
18614 5957
5957 6166
5786 5555
5786 6603
5786 17786
5786 18214
5786 5811
5555 5619
5619 32203
5619 3695
3695 22324
22324 21195
22324 9157
21195 21204
21195 21202
21204 21202
6603 9542
6603 17782
6603 33890
17782 29280
17786 17502
17786 8245
17786 9486
17786 5663
17502 8245
17502 5583
17502 17696
17502 1141
8245 24002
8245 291
8245 9486
8245 5663
5635 25575
5635 291
5635 25482
5635 30431
291 10741
291 10728
291 3719
25482 9526
9526 39107
9526 18921
9526 30431
9526 25079
9526 9486
9526 1469
18921 17519
17519 33368
33368 53002
33368 53003
33368 47539
47539 19048
19048 18023
19048 18015
19048 1410
19048 18014
18023 18015
18023 1410
18023 18014
18015 1410
18015 18021
18015 18014
1410 18021
1410 18014
1410 14209
18021 18014
14209 8056
14209 19270
8056 19270
19270 1514
1514 2447
1514 19269
1514 19268
1514 5279
2447 24160
5279 31279
5279 9475
31279 26694
26694 50844
26694 26708
26694 22480
26694 26952
26708 22480
26708 16858
22480 16858
22480 26952
16858 21805
16858 31245
21805 31245
21805 17277
21805 1933
31245 26952
17277 3869
1933 18736
1933 21803
1933 21804
1933 11348
1933 8064
1933 21807
18736 5493
5493 5103
5493 18813
5103 86
5103 29151
5103 22652
5103 30435
5103 29161
5103 4819
5103 2161
5103 5008
86 104
29151 22652
29151 4819
22652 4819
30435 29161
30435 4819
29161 4819
4819 30432
4819 30431
29370 16685
29370 17894
17894 1311
1311 1041
1041 17288
1041 4634
17288 12097
12097 14812
12097 1210
12097 18010
12097 5848
12097 3691
12097 5813
14812 8558
14812 15218
14812 45342
14812 1210
14812 7234
14812 4123
8558 18861
8558 1160
8558 2137
8558 32480
18861 7697
18861 7681
18861 24079
4277 4191
4277 15218
4277 6203
4277 2138
15218 637
1210 18010
1210 1212
4574 22749
4574 17684
4574 12902
22749 2084
2084 16111
2084 8789
16111 46086
16111 7155
16111 14421
16111 23940
7155 14421
14421 23943
304 10986
304 5752
304 6166
10986 5810
10986 9485
5810 11388
5810 16362
9485 10656
9485 13135
9485 4514
10656 35328
10656 20393
10656 31971
10656 24074
10656 33276
10656 484
35328 38905
35328 38906
35328 35835
35328 31969
35328 21370
38905 38906
38905 38911
38905 35835
38905 31969
38905 11829
38906 20393
38906 43252
38906 38911
38906 35835
38906 31969
38906 21370
20393 48024
20393 43252
20393 35835
20393 38909
20393 31969
20393 31971
20393 11829
20393 21370
20393 10101
20393 24074
43252 38911
43252 35835
43252 11829
38911 35835
35835 31969
38909 31969
31969 31971
31969 24560
31969 11829
31969 21370
31969 13135
31969 10101
31969 24074
31971 24560
31971 11829
31971 8160
24560 11829
24560 24074
24560 33276
24560 12193
11829 21370
11829 13135
11829 10101
11829 24074
21370 13135
21370 10101
21370 24074
21370 33276
13135 10101
10101 24074
24074 33206
24074 31757
33206 6203
6203 12427
6203 7681
12427 33276
33276 17643
17643 5074
5074 12452
5074 5813
12004 5627
12004 43483
5627 7832
2097 7832
7832 7765
7832 6034
7765 1402
1402 1016
1016 11696
1016 1446
11696 12414
12414 15702
12414 19923
15702 45896
15702 45898
15702 45709
15702 45894
15702 14281
14281 22969
22969 2119
2119 22967
49073 22972
808 15967
808 876
808 837
808 15943
808 15966
808 10375
808 11869
15967 876
876 837
837 15943
15966 10375
15966 6317
10375 4321
10375 40254
10375 2549
10375 11869
10375 12094
10375 2908
4321 11869
2549 24298
2549 16096
2549 12094
11388 1800
11388 5930
11388 3061
16362 16248
16362 12600
16362 12452
16362 16400
16362 14862
16248 12600
16248 16400
12600 43937
43937 25710
25710 2824
2824 25711
12334 398
12334 12337
12334 23077
5262 6063
5262 5082
5262 12353
11457 12040
12040 20430
20430 48042
20430 7697
20430 18859
7697 10115
7697 7681
7697 278
7697 6270
10115 7681
10115 5512
10115 15770
7681 12140
7681 278
12140 4197
12140 12122
4197 16096
16096 8722
16096 4166
16096 16207
16096 16381
16096 12215
8722 3449
3449 10600
10600 40598
40598 21462
21462 16823
21462 25251
25251 16868
16868 46508
16868 10489
16868 10979
10979 8058
10979 729
10979 22390
10979 8237
8058 34577
8058 9157
8058 37132
9157 8221
9157 7296
9157 1959
9157 9155
9157 9131
9157 17204
8221 1212
7296 11174
11174 36126
11174 21577
21577 48494
21577 11641
11641 4519
4519 1887
1887 15277
1887 21615
1887 7101
1887 21611
1887 21610
1887 10942
1887 729
15277 21615
15277 7101
21615 7101
7101 21611
7101 35023
10942 302
302 2974
2974 26298
2760 25377
2760 25375
2760 22047
2760 13211
22047 10775
10775 23108
23108 5479
5479 15732
15732 26952
26952 3869
26952 10257
26952 8448
3869 28985
8192 37271
8192 8200
8192 6057
8192 8195
8192 8190
37271 37280
37280 8200
37280 24821
8200 24821
8200 24817
8200 37277
8200 37279
8200 2839
8200 8190
24821 24817
24821 37277
24821 37279
24821 2839
24817 49816
24817 37279
49816 37277
2839 24822
2839 8194
2839 24797
2839 24825
2839 24823
2839 24829
2839 8195
2839 8201
2839 8190
2839 24832
24822 8194
24822 24796
24822 24798
24822 24824
24822 24829
24822 24820
24822 8190
8194 24797
8194 24796
8194 24825
8194 24798
8194 24823
8194 24824
8194 8199
8194 24829
8194 8201
8194 8190
24797 24796
24797 24825
24797 24799
24797 24823
24797 24824
24797 24827
24797 8201
24797 24820
24797 8190
24796 24826
24796 24825
24796 24799
24796 24798
24796 24823
24796 24824
24796 8199
24796 24829
24796 8201
24796 24820
24796 8190
24826 24825
24826 24823
24826 8201
24825 24799
24825 24798
24825 24824
24825 8199
24825 24829
24825 24820
24799 24798
24799 24823
24799 24829
24799 8201
24799 24820
24799 8190
24798 24823
24798 8199
24798 24829
24798 8201
24798 24820
24798 8190
24823 8199
24823 8190
24824 8199
24824 24829
24824 24820
8199 24820
24829 8201
24829 8190
30144 30143
30144 6057
30144 14866
7587 9613
9613 4013
9613 29186
19920 21323
19920 19931
9097 19941
19941 2234
19941 3201
19941 18006
19941 19923
12281 2160
12281 3201
2160 7676
7676 3053
7676 26667
3053 26671
3053 26667
26671 26667
26671 31362
26667 25711
26667 31362
25711 41509
25711 41507
41509 52396
41507 52396
52396 31362
1959 21879
1959 5924
1959 21877
1959 21882
1959 5882
5924 3505
5924 3444
3505 8569
8569 18214
8569 4013
18214 5811
18214 27095
4013 29186
4013 3837
29186 23123
23123 2161
2161 6331
2161 20591
2161 2634
2161 5008
2161 4136
2161 20592
6331 20591
6331 6703
6331 19385
6331 5008
6331 5010
20591 6703
20591 2634
20591 5010
6703 2634
19385 47689
19385 47690
19385 1966
1966 1448
1448 19105
19105 2835
2835 5391
2835 7048
5391 3975
3975 16441
3975 10290
16441 10290
10290 10918
10918 42016
10918 10933
10918 10920
10933 10920
10933 10142
10933 35552
10920 18759
10920 18956
10920 10142
18759 47449
1600 7327
1600 9145
7327 33097
7327 9138
7327 18660
33097 9138
9138 32826
9138 30721
9138 35538
9138 32822
9138 6042
32826 30721
32826 6042
30721 38901
30721 6042
35538 32822
32822 6042
6042 16307
6042 16126
16307 16126
16126 4652
16126 10468
16126 11214
4652 4651
4652 8454
4651 8454
31757 9486
9486 7234
7234 8363
4123 21561
4123 4255
4123 1479
4123 5848
21561 4255
4255 15365
4255 29444
4255 12486
15940 23528
23528 4835
23528 6020
4835 4854
4835 30397
4835 4802
4835 9475
4835 12278
4854 4802
6020 32737
6020 15183
6020 5396
5396 31439
5396 6871
6871 4412
6871 34585
6871 29572
29572 4359
4359 3444
4359 104
3444 10273
31364 23791
31364 16423
31364 11778
31364 9344
23791 30514
23791 16423
23791 5571
23791 30143
30514 31697
31697 11871
11871 33775
11871 9506
9506 15170
15170 45524
15170 12850
12850 11806
11806 12672
12672 44000
12672 12679
12672 4507
12679 4507
4507 17347
17347 46722
17347 7826
7826 1446
1446 4668
4668 4338
4668 7781
7781 15642
15642 4391
15642 19360
15642 12858
15642 12869
15642 21363
15642 15493
4391 19360
4391 4383
4391 21363
4391 19361
4391 15493
19360 12858
19360 12869
19360 19361
12858 12869
12858 21363
12858 19361
12869 19361
12869 15493
4383 21363
21363 15493
19361 15493
15493 45793
15493 45797
15493 45796
15493 28813
15493 35376
45793 45797
45793 45796
45793 28813
45797 45796
45797 28813
45796 28813
2171 2539
2539 9513
2539 7442
9513 5317
9513 31351
9513 7442
5317 31351
5317 5430
7442 12835
7442 17204
12835 32121
32121 16417
16417 5508
16417 8363
16417 27220
5508 6006
5508 16423
16423 5263
16423 5685
5263 27220
11715 21877
21882 2492
2492 21019
21019 1800
5930 24152
5930 11553
5930 32583
5930 26069
24152 26414
24152 2989
24152 27076
24152 10257
24152 26420
24152 18390
24152 26069
24152 40875
24152 26413
24152 26987
24152 27087
26414 6226
26414 27059
26414 2989
26414 10257
26414 40675
6226 27011
6226 27025
6226 27059
6226 27050
6226 10257
6226 33234
6226 8064
27011 34502
27011 26276
27011 21803
27011 26985
27011 26972
27011 40892
27011 27035
27011 21804
27011 26966
27011 10257
27011 26967
27011 22051
27011 11348
34502 25144
34502 10257
25144 40583
25144 7999
25144 27012
25144 36407
25144 25147
25144 7675
25144 40584
25144 11002
25144 2728
7999 37041
7999 2728
27012 6075
36407 7675
36407 53957
25147 49944
25147 49942
25147 26930
25147 2728
26930 27031
26930 13796
27031 26276
27031 26985
27031 34514
27031 26415
27031 22051
27031 27026
27031 27009
27031 6075
26276 41605
26276 50647
26276 34294
26276 32911
26276 27048
26276 10257
26276 18390
26276 27026
26276 27066
41605 50647
41605 26069
34294 27035
34294 21804
32911 40664
32911 6075
27048 26972
27048 27050
27048 27076
27048 26988
27048 26413
27048 22051
27048 8064
27048 27009
27048 6075
27048 30335
27025 21803
27025 26966
27025 27076
27025 26967
27025 22051
27025 40125
21803 26980
21803 27035
21803 26966
21803 27076
21803 26967
21803 26413
21803 11348
21803 8064
37143 43148
37143 27030
37143 26413
37143 8064
43148 55484
43148 40664
43148 27029
43148 26413
40664 54845
40664 26980
40664 31894
40664 26415
40664 10625
40664 27082
40664 29129
40664 40671
26980 50963
26980 27027
26980 27030
26980 21804
26980 27050
26980 26966
26980 26967
26980 8064
26980 26987
50963 27027
27027 26985
27027 27068
27027 28458
27027 27059
27027 26273
27027 27035
27027 26269
27027 27030
27027 26966
27027 10257
27027 18494
26985 27068
26985 10257
26985 26069
26985 7303
28458 27035
27059 26972
27059 27035
27059 21804
27059 27076
27059 11362
27059 26967
27059 8064
26972 10641
26972 35226
26972 10257
26972 26069
26972 22051
40892 46326
40892 26413
40892 27023
10641 31894
31894 13025
31894 6075
31894 40678
13025 40937
13025 27070
13025 13796
13025 2989
13025 35226
13025 24703
13025 40934
27070 22051
13796 44721
13796 2989
13796 24703
13796 40659
13796 21804
13796 26420
13796 18390
13796 26413
2989 3445
2989 26415
2989 26420
2989 18390
2989 26413
2989 21807
2989 26425
3445 6301
3445 5811
5811 11778
11778 9344
11778 5795
11778 5716
3213 25345
25345 37208
25345 8114
25345 19452
37208 8114
37208 19452
8114 19452
19452 40784
19452 31404
31404 52403
52403 48449
52403 43993
43993 12659
12659 31329
12659 12657
31329 28244
31329 12657
28244 28253
28244 17080
28253 28250
17080 11265
17080 11261
11265 5680
11261 5680
5680 2334
5680 23917
5680 6317
5680 5848
45412 14901
39688 12715
12715 43713
12715 11890
12715 38135
12715 2138
12715 436
2138 23029
2138 23034
2138 14839
2138 436
23034 49099
14839 2163
436 12714
436 95
436 11563
12714 9030
12714 13789
12714 24682
9030 38515
9030 38519
9030 13789
24682 49756
24682 49757
24682 49759
24682 49758
24682 49761
24682 10718
10718 17011
17011 4175
4175 5630
4175 18213
4175 13120
5630 18213
5630 13120
18213 13120
18213 4510
13120 3566
13120 20831
13120 4510
13120 17204
3566 28373
28373 48715
48715 23132
23132 2163
2163 23134
2163 23140
2163 23138
2163 23136
2163 23143
2163 10594
23138 24507
10594 40561
10594 5590
5590 32157
5590 12719
12719 15385
38483 54385
44031 44034
44031 17008
17008 8571
17008 18484
8571 14229
8571 12135
8571 12118
8571 14206
14229 10799
14229 4510
14229 44991
14229 9198
10799 7876
10799 10525
10799 3011
10799 14167
7876 36712
7876 19609
19609 6092
6092 12206
6092 10468
6092 8581
12206 5882
5882 19982
19982 10525
10525 14167
14167 19192
19192 1479
1479 19195
24188 5291
5291 1511
1511 19257
19257 30289
19257 12441
19257 31060
19257 11346
30289 12905
30289 12441
12905 12918
12905 12911
12905 12913
12905 12921
12905 31349
12918 12911
12918 44165
12918 31349
12918 12902
12911 18808
12911 12921
18808 12913
18808 5298
12913 44165
12913 31349
12913 38857
44165 31349
12921 31349
31349 52389
31349 38857
52389 38857
38857 32395
32395 5789
5789 32396
5789 32397
32396 32397
32396 16829
32397 33908
32397 52010
32397 30279
32397 16829
33908 39712
39712 54664
52010 30279
30279 16829
16829 33911
33911 27163
27163 51014
27163 21411
51014 56866
21411 5778
21411 5527
5778 31331
5778 31110
31331 52381
31331 43472
31331 22804
43472 22804
22804 26998
26998 7613
26998 3129
7613 36314
7613 16812
7613 9316
9316 3197
3197 27328
27328 23940
23940 23943
23943 31314
278 10468
278 1992
10468 7581
10468 8789
7581 11477
7581 11248
3837 23102
3837 4510
23102 49130
23102 4107
23102 49127
23102 49129
23102 10728
23102 5583
7806 10256
7806 6062
6062 10998
10998 16653
10998 12163
31600 5452
31600 8701
5452 4166
4166 12697
12697 44024
4661 4634
4661 11472
4661 8701
4634 11472
4634 4699
4634 4612
4634 16990
4634 5945
4634 30103
4699 4689
4699 1368
4699 5945
5945 15974
5497 8708
5497 11214
8708 17361
8708 5757
17361 8363
17361 5685
17361 6057
8363 8160
8160 37235
8160 6302
6302 11408
6302 12202
6302 33285
11408 42421
11408 12202
11408 33285
11408 32635
11408 42420
12202 22585
12202 33285
12202 32635
33285 10141
10141 7048
10141 18956
7048 18956
18956 18662
18662 18660
18662 29211
18660 47419
18660 29211
29211 29048
29211 16289
29048 28163
29048 29045
29045 29638
29638 29642
29642 8311
8311 37395
37395 31410
31410 8581
31410 5370
8581 5946
5370 4876
5370 14327
4876 5377
4876 4851
4876 5080
5377 1570
5377 21128
5377 31314
4851 4842
4851 14327
4851 15756
4851 14523
4842 4823
4823 12441
12441 11505
12441 12452
12441 11497
11505 12452
11505 11497
11505 10779
12452 31060
12452 11497
31060 31393
31393 11497
11497 10779
10779 26251
26251 31110
26251 32493
31110 11346
11346 5685
22238 25964
25964 22265
2328 3606
3606 8701
3606 3843
3606 6218
6218 28157
6218 4107
4107 4326
4107 29275
4107 6063
10728 38364
284 8043
284 3090
3090 26899
26899 16799
16799 4252
16799 23733
16799 23727
16799 5512
16799 23210
16799 7611
16799 20422
16799 31870
16799 10660
4252 29442
4252 17874
4252 19965
4252 23733
4252 23727
4252 5512
4252 23210
4252 7611
4252 5527
29442 5512
17874 27095
17874 5080
27095 27094
27095 3133
27094 27089
27094 3133
27089 50991
27089 3133
3133 8830
8830 32370
8830 2334
2334 23917
2334 2908
2334 2911
5848 11869
5848 3691
11869 7309
11869 12094
11869 10747
11869 2911
7309 12194
7309 12817
7309 5757
7309 5507
7309 3602
7309 21583
7309 12818
7309 463
12194 43590
12194 5685
5685 3691
5685 9177
12817 12824
12817 5757
12817 28462
12817 5507
12817 3602
12817 463
12824 5757
12824 463
5757 28462
5757 5507
5757 3602
5757 12818
5757 463
28462 5507
28462 3602
5507 12989
5507 3602
5507 12818
5507 463
12989 3602
3602 21583
12818 463
463 1633
463 509
463 501
463 12816
1633 19637
5114 19637
5114 88
19637 8969
8969 11973
88 969
969 3214
969 569
3214 5229
5229 16207
16381 10475
16381 6063
24256 13769
13769 3061
3061 6063
398 12337
398 12338
398 12336
12337 43728
12337 12338
12337 23077
12337 13031
43728 12338
12338 23077
12338 12336
23077 12336
23077 49124
23077 13031
13031 7051
7051 7032
7032 9134
9134 23468
23468 5468
5468 29829
5468 4475
29829 4475
4475 26041
4475 8760
4475 5421
26041 9172
9172 9603
9172 5522
9172 5649
9172 31968
9172 17913
9172 9145
9172 6688
9603 5522
9603 7564
9603 6166
9603 17913
9603 9177
9603 9145
5522 29401
5522 5649
5522 5752
5522 9149
5522 17914
5522 6166
5522 31968
5522 17913
5522 9145
5522 7084
29401 5649
29401 5752
29401 9149
29401 17914
29401 17913
29401 9145
5649 17914
5649 6053
5649 17913
5649 9145
5752 9149
5752 17914
5752 6166
9149 17914
9149 6166
9149 17913
9149 9145
17914 6166
17914 9145
6053 6166
6053 9145
1992 22088
1992 4583
4583 30009
4583 7560
30009 51929
30009 7560
30009 12292
30009 50990
51929 39154
51929 40997
39154 19380
19380 32721
19380 26997
26997 3129
26997 31219
31219 5571
16464 17907
16464 3641
17907 28935
17907 8789
28935 20838
20838 23411
23411 17280
23411 49305
23411 28675
28675 3687
3687 28674
3687 16196
16196 11332
11332 14475
14475 569
569 966
509 4403
509 12353
4403 16948
4403 11514
4403 11477
16948 11514
11514 13005
11514 501
11514 11477
13005 4377
13005 11477
13005 12353
4377 13123
4377 501
4377 493
4377 11477
13123 44284
13123 501
13123 966
44284 27457
501 13124
501 12982
501 11477
501 12353
13124 12982
12982 493
493 13066
493 11477
493 12353
11477 13004
11477 13009
11477 12353
13009 3862
13009 12353
3862 28981
12668 29860
29860 4492
4492 2216
2216 22832
22832 30037
30037 19965
19965 23727
19965 5527
23733 23727
23733 23210
23733 7611
23727 5512
23727 49414
23727 31870
5512 14664
5512 10660
5512 5527
23210 14664
14664 7611
7611 10445
7611 20422
7611 36310
7611 31870
7611 23732
7611 5527
20422 31870
20422 10660
2949 632
632 3046
3046 26641
3046 26640
3046 8362
26640 50821
50821 56848
8362 37442
8362 17572
8362 9205
8362 17607
8028 5728
17572 17604
17572 12537
17604 12537
17604 9205
17604 5728
12537 9205
12537 17607
12537 17621
9205 17607
9205 5728
9205 9207
9205 11289
17607 8760
17607 5728
17607 9214
8760 38155
8760 9214
38155 17525
17525 11542
11542 34853
11542 34852
11542 6670
34853 7025
7025 34856
7025 34859
7025 33383
7025 34855
7025 33405
7025 34861
7025 34852
7025 11588
7025 33506
33383 11549
34852 8881
8881 38244
8881 8884
8881 11553
8884 38252
8884 38255
8884 38263
8884 38251
8884 38256
38252 50115
38252 11588
38252 11553
50115 34089
11588 11549
11588 6670
38256 26075
38256 11651
11651 11549
11651 6670
11549 42556
11549 38916
11549 38249
11549 6670
11549 33506
38916 11639
38249 9839
9839 18386
18386 1278
1278 6670
1278 18390
6670 11639
6670 7272
33506 24565
33506 11553
32583 14866
14866 8195
8195 24827
8195 8201
24827 8201
8201 24820
8201 8190
8201 20899
8190 24832
20899 1787
1787 20906
1787 16639
16639 923
923 16637
16637 13755
16637 37609
16637 8408
37609 8408
8408 30960
30960 36810
36810 48675
36810 7903
7903 36821
36821 34944
34944 7071
7071 12468
7071 2595
12468 33849
12468 11722
11722 43187
11722 43185
11722 4453
4453 6398
6398 11214
11214 4798
4798 5795
4798 2327
4798 12388
5716 4618
5716 32312
4618 11226
11226 5446
11226 5008
5446 31575
5446 12292
31575 27099
27099 7915
7915 32621
32621 5943
5943 10860
10860 13242
13242 11249
11249 8724
3156 1255
1255 4440
1255 18174
1255 18168
1255 1771
1255 1741
1255 18170
1255 18169
1255 2867
1255 11988
4440 20583
20583 18174
20583 1741
20583 18169
18174 18168
18174 1771
18174 1741
18174 18169
18168 1771
18168 1741
18168 18170
18168 18169
1771 1741
1771 18170
1771 18169
12282 3222
12282 6170
12282 11538
3222 21209
21209 24327
24327 9447
9447 12193
12657 6170
6170 12739
5728 17621
5728 9207
17621 17622
17622 17565
17565 9207
9214 1318
9207 35411
9207 11289
35411 11289
11289 17558
17558 10440
10440 6711
6711 7617
7617 13248
13248 44396
13248 7885
7885 13236
13236 18556
29000 27220
27220 7658
7658 10142
7658 17394
10142 39961
10142 35552
10142 35558
10142 35551
35552 35558
35552 35551
35558 35551
17394 17374
17374 31893
17374 24079
24079 49574
24079 27279
27279 24136
24136 22948
22948 49045
22948 10660
49045 40877
40877 35226
35226 24703
35226 7205
35226 9078
35226 40875
35226 7303
24703 13787
9078 26273
26273 26966
26273 40894
26273 26413
27035 26269
27035 26988
27035 22051
27035 27026
26269 27030
26269 21804
27030 40659
27030 26967
27030 22051
27030 27009
40659 27033
21804 34514
21804 26974
21804 26967
21804 27029
21804 26413
34514 26415
34514 26987
34514 27009
26415 50688
26415 26974
26415 26966
26415 40894
26415 26420
26415 18390
27050 26966
27050 27074
27050 50981
27050 27066
27050 26987
27050 27052
26966 27076
26966 18390
26966 26967
26966 27029
26966 26987
26966 29129
27076 11362
27076 26988
27076 22051
27076 26982
27076 27009
27076 6075
27076 27069
11362 26988
11362 27023
11362 6075
26988 26413
26988 22051
26988 26987
26988 26982
26988 27009
26988 6075
26988 18494
10257 10625
10257 26967
10257 22051
10257 11348
10257 26987
10257 27009
10257 26971
10257 40125
10625 40944
40944 40894
40894 26420
40894 26069
26420 18390
26420 21807
18390 26069
18390 27023
18390 40667
26069 27082
26069 26975
26069 34522
27074 50981
27074 27066
27074 27080
27074 27087
26967 8064
26967 27052
27029 26413
27029 6075
26413 22051
26413 27023
26413 27069
26413 40886
26413 30335
26413 29129
26413 40125
26413 34522
22051 27026
22051 26982
22051 2728
11348 8064
8064 21807
26425 40650
27026 27009
27026 6075
27066 27080
27080 26987
27080 27087
26987 50646
26987 26982
26987 27009
26987 6075
26987 40125
26982 27023
26982 27009
26982 6075
40667 18494
27009 6075
6075 18494
18494 27069
18494 27052
18494 34522
27069 50691
50691 54859
30335 52040
26971 36763
26971 40671
26971 40675
36763 40678
40678 34522
27052 29129
29129 38345
2728 25150
25150 42266
42266 11206
42266 41288
42266 54990
42266 54101
11206 41288
54101 54335
54101 37108
37108 8042
8042 36975
8042 5173
8042 10747
36975 30545
36975 16289
30545 16289
16289 5173
5173 31023
31023 52291
52291 45142
45142 32555
32555 32217
32217 27297
32217 5631
5631 29090
5631 8439
8439 6689
6689 12094
12094 2233
12094 3181
12094 9045
12094 5813
2233 7144
7144 729
7144 765
7144 35102
7144 19484
729 7272
729 765
729 2908
7272 24356
7272 1908
24356 7637
7637 4564
4564 4514
4514 5657
4514 4464
4514 2137
5657 18944
18944 20283
18944 12178
18944 5082
20283 4464
4464 19444
4464 484
4464 10947
19444 14327
15756 765
19484 29846
29846 35893
29846 12388
29846 12280
29846 51879
29846 12297
35893 19235
35893 12297
35893 21128
19235 5946
5946 16124
5946 4802
5946 12278
16124 6063
16124 12297
6063 12739
12739 14505
14505 29219
29219 33188
33188 49414
31870 52555
31870 33494
31870 23732
33494 48612
6270 3201
3201 21060
3201 18006
21060 18006
18006 19923
19923 7950
7950 14066
7740 34081
7740 34082
8789 3398
8789 38183
8789 32312
8789 1407
17684 12902
12902 44157
44157 32493
32493 16400
32493 20019
32493 14862
16400 46243
20019 5634
20019 14862
5634 32219
5634 32224
5634 14862
5634 31904
31904 8448
8448 2108
8448 2197
8448 17900
2108 8992
2108 7106
8992 9552
8992 10660
8992 5527
9552 10660
9552 7884
10660 23732
10660 5527
10660 2327
5527 7884
7884 24125
7884 2634
24125 17204
2634 20594
2634 4136
2634 5010
2634 20592
2137 23020
23020 20831
20831 4510
4510 10899
4510 12118
4510 1315
10899 18664
10899 1407
10899 14216
10899 1315
10899 1380
18664 3312
18664 7561
18664 12118
18664 11257
7561 12135
7561 36210
7561 14204
12135 10840
12135 12118
12135 18484
10840 11248
10840 11257
10840 1898
11248 1407
11248 11258
1407 1332
1407 17020
1407 14216
1407 1315
1407 1318
1407 9198
1407 19042
17020 14216
12118 11257
11257 1315
11257 1380
11257 1898
1315 1380
1315 1318
1318 9198
9198 14204
14204 21630
14204 1898
14204 18484
21630 8019
8019 949
949 15
15 943
15 948
15 939
943 948
943 14888
948 16872
14888 45402
45402 19042
1898 18484
18484 11250
11250 8724
8724 13719
13719 696
696 15343
696 23
23 1247
23 1
23 5
1 130
1 5
1 95
1 134
1 131
1 132
1 89
130 5
5 95
5 134
5 132
5 89
95 5181
95 5179
95 132
95 89
5181 5179
89 5115
89 593
89 5116
5115 593
593 1271
1271 1299
1271 5116
1299 5116
1299 18335
5116 18335
18335 41704
18335 18475
18335 41702
18335 18369
18475 47150
18475 18373
18475 41702
18475 18369
18475 18357
18475 18258
47150 18373
47150 41702
47150 18369
47150 18357
18373 41702
18373 18369
18373 18357
18373 18258
41702 18258
18369 18357
18357 18258
18258 18456
18456 18450
18456 18463
18456 18457
18456 3225
18450 18460
18450 18463
18450 18457
18450 3225
18463 18457
18463 3225
18457 3225
18457 23899
23899 2327
1469 14569
1469 5663
14569 5663
5663 5517
5517 12122
5517 11258
5517 5935
5935 21793
21793 1929
1929 9421
1929 21792
21792 12178
5082 14523
5082 484
5082 5080
5082 1655
10947 5583
5583 7564
5583 17696
5583 1141
1141 19
1141 1143
1141 10747
19 1145
19 892
19 1143
1145 892
1143 10747
10747 24207
10747 27762
27762 44410
43945 55664
41126 16164
41126 35014
16164 35014
35014 40501
40501 10555
40501 15182
10555 15182
15182 3730
15182 7560
3730 28758
7560 35590
7560 12292
35590 53717
35590 24736
35590 12292
12292 12388
50990 27087
40910 12816
12816 24523
24523 2657
2657 24524
24524 38394
11301 7069
7069 34941
7069 11563
34941 11563
11563 13211
13211 6556
6556 8404
8404 3248
8404 12774
12774 7260
7260 19913
7260 35497
35497 53698
35497 11480
35497 29003
11480 42491
11480 42492
11480 29003
29003 43847
29003 6109
6109 33005
6109 32851
33005 32851
32851 11508
32851 12215
12215 11801
11801 14206
11801 11109
14206 5301
5301 5380
5380 10273
5380 31416
5380 5332
10273 11109
5332 31355
5332 11109
11109 12549
12549 37132
12549 6010
6010 5008
6010 8974
5008 20092
5008 6332
5008 12278
6332 20594
6332 4136
6332 6335
6332 5010
6332 5080
20594 4136
4136 5010
6335 5010
20592 5400
5400 104
104 4759
4759 15567
4759 1513
15567 1513
1513 1512
1512 19264
1512 1536
1512 1545
1512 1556
1536 1545
1536 1556
1545 1556
1545 1570
1556 1570
12607 3175
3175 4802
4802 9475
9475 3258
3258 12278
3258 12280
3258 12297
12278 12280
12278 10952
12278 12297
12278 21128
12280 10952
12280 12297
10952 12297
12297 6034
12297 21128
21128 29102
21128 31314
21128 5298
29102 31314
31314 5298
5298 5080
5080 1655
5080 19711
1655 19711
19711 16796
19711 43342
16796 43342
43342 18162
18162 46684
46684 17263
17263 15180
11757 3181
11759 11777
11777 11767
11777 3181
8974 3377
8974 38390
8974 939
8974 32480
939 16777
939 16775
939 16781
939 2869
16777 16775
2869 24354
24354 2595
2595 3233
3233 24372
3233 6083
24372 49680
24372 6083
6083 10329
6083 12353
10329 420
12353 19040
12353 966
8237 2946
16204 39255
16204 31367
16204 21354
39255 31367
21354 8215
21354 1838
8215 12375
12375 43767
12375 1838
1838 12373
12373 2197
2197 17900
7106 9155
9164 9155
9155 9131
9155 38734
9155 3691
9155 8169
9155 5936
9131 5936
3691 5813
8169 5936
5936 32596
5936 1908
1908 5421
5421 10848
6166 9145
31968 17913
31968 9145
17913 9177
17913 9145
9177 9145
9145 38721
9145 6688
9145 34154
6688 34154
7084 6945
637 15217
637 15210
15210 1741
15210 18169
1741 18169
18170 18169
18169 47060
18169 47061
18169 2867
11988 16121
11988 10379
10379 36574
10379 8593
10379 2908
36574 53996
36574 8593
8593 25525
25525 2908
2908 3181
2908 2911
2908 7164
2908 9045
3181 7134
7134 24217
2911 26024
7164 35131
9045 35922
35922 53812
35922 7419
7419 9516
9516 17204
17204 15417
15417 32480
32480 18030
18030 1212
5813 32420
5813 32418
5813 32419
32420 32418
32418 32419
