19
1391 1670
1391 8151
111275 136867
111275 104611
111275 103959
111275 136856
111275 104619
111275 136862
12293 39552
12293 21226
4102 3473
4102 3874
4102 13348
4102 27463
4102 5050
4102 9943
4102 3868
4102 4047
7 4228
7 342
65544 61002
65544 76531
65544 91484
65544 21030
65544 83271
23212 2144
23212 40468
23212 40871
23212 40858
23212 22941
23212 3295
114698 101228
114698 104611
114698 101852
114698 108004
114698 107734
57355 54355
57355 69859
57355 26219
57355 47002
57355 46939
57355 47165
57355 57567
57355 47135
6146 13763
6146 6117
6146 9030
6146 6119
6146 13611
6146 6122
6146 2587
6146 6110
6146 6131
14 4367
14 123
14 4358
14 463
57359 54378
57359 47163
57359 13254
57359 46934
57359 47005
12304 8769
12304 12402
12304 12343
12304 12280
12304 37020
12304 12413
12304 12318
7785 7696
7785 7848
7785 6939
7785 39822
7785 50383
94233 11354
12314 7032
12314 12402
12314 12323
12314 1892
12314 12371
12314 12343
12314 12376
12314 12361
12314 12413
12314 681
27 5170
27 3636
27 334
27 3566
12317 681
12317 8394
12317 12370
12317 2894
12317 8813
12317 12402
12317 12403
12317 2057
12317 7032
12317 6940
12317 12330
12317 8798
30 3849
30 5258
30 403
8225 4784
8225 22496
8225 12429
12323 12372
12323 12341
12323 12345
12323 681
12323 12330
16421 28225
8231 4737
8231 4733
4136 4891
4136 22980
4136 10053
4136 39822
12330 8769
12330 12382
12330 7032
12330 12361
12330 1374
98347 26459
98347 13292
98347 57621
98347 57782
98347 18759
8236 3792
8236 7489
8236 7739
8236 6549
8236 5640
8236 11723
8236 8067
4141 196
4141 4882
4141 12036
4141 36053
4141 3621
8238 9562
8238 9627
8238 806
8238 9542
57391 51584
57391 14065
57391 21458
57391 54355
57391 57573
57391 66578
8 4256
8 4248
8 4267
8 4269
8 253
28724 41592
28724 24076
28724 61526
28724 29606
12341 1586
12341 24683
12341 40330
12341 25127
12342 11616
12342 43873
12342 25477
12342 21150
57399 14065
57399 3283
57399 13876
57399 14073
57399 78810
57399 46990
12345 12393
12345 8769
12345 12402
12345 12318
12345 12361
12345 12376
12345 681
12345 12343
12345 8813
12345 8798
49211 26158
4156 490
4156 3900
4156 3090
4156 3022
61 4626
61 5603
61 6574
61 3703
4158 4172
4158 9963
4158 4076
4158 10286
4158 3430
28736 22418
28736 58579
28736 26564
28736 59047
20545 26321
20545 3090
20545 39251
20545 51989
8263 13376
8263 41121
8263 25986
8263 3380
8263 3335
8263 1616
8263 3849
8263 41112
8263 91
8263 7098
8264 13376
8264 1121
8264 16818
8264 91
8264 5346
8264 4845
57417 47096
57417 56624
57417 18187
57417 46764
57417 18751
76 7377
80 7455
80 4203
80 972
80 443
80 4629
81 6672
81 5346
81 7459
81 5076
81 4204
81 6460
81 5358
65618 64371
65618 76628
65618 61589
65618 28630
65618 12729
65618 63003
65618 92941
12371 12280
12371 12372
12371 1892
12371 12318
84 5564
84 2287
4181 8496
4181 24010
61526 43664
61526 29606
61526 77832
61526 43599
61526 24076
61526 11871
102487 136867
102487 99956
102487 104158
102487 164599
102487 108505
102487 101228
102487 101230
12376 8394
12376 1586
12376 12403
12376 12372
12376 12402
12376 12343
12376 7032
12376 12394
12376 12370
61529 46903
61529 104291
61529 66548
61529 97463
91 265
91 8283
91 4845
48831 48432
48831 66737
48831 12996
48831 17765
48831 48388
48831 15383
48831 58905
48831 52465
12382 12393
12382 1586
12382 8769
12382 2057
65631 61182
73825 48432
73825 66113
73825 47339
73825 64990
28770 60216
28770 101640
28770 35647
4196 4204
4196 10022
4196 263
4200 248
4200 6549
12393 12372
12393 7032
12393 2057
12393 6940
106 6498
106 123
106 5382
106 7672
106 6475
106 7628
106 8686
61547 49795
61547 26228
61547 61221
61547 47686
61547 23880
61547 61257
61547 61548
61547 28381
4204 4216
4204 319
8305 17664
8305 4754
8305 22115
8305 24010
8305 4027
8305 22956
114 7695
12403 12372
12403 7032
12403 681
12403 12394
12403 8394
4216 22590
61562 18104
61562 61281
61562 20669
61562 6574
123 9269
123 8086
123 5351
123 575
24701 24704
24701 34320
24701 34306
24701 23604
24701 34325
24701 24703
57470 46978
57470 18187
57470 47005
57470 14190
57470 47095
24703 24704
24703 34320
24703 34306
24703 23604
24703 34325
24704 34320
24704 34306
24704 24819
24704 23604
24704 34325
20610 48320
20610 16835
20610 1396
20610 46022
20610 43639
20610 25551
20610 1404
20610 47949
20610 47871
91499 61093
91499 90550
91499 26664
91499 73178
91499 61002
91499 28175
4228 22976
4228 22097
4228 22980
4228 7696
4228 22119
4228 6736
4228 4601
8325 6652
8325 4092
8325 11109
8325 4302
8325 3557
41094 26988
41094 24774
41094 4743
57479 47136
57479 57681
57479 57925
57479 56616
57479 96361
57479 57567
12424 22801
12424 3448
12424 8475
12424 12431
12424 12429
12424 22158
12424 22159
137 9672
137 6225
137 491
137 3344
61578 62978
61578 49371
61578 18901
61578 43447
53388 50161
53388 39747
53388 51084
53388 26773
12429 22801
12429 8475
12429 12431
12429 11389
12429 22158
12429 22159
12431 12416
12431 226
12431 9710
12431 3448
12431 26715
12431 22158
12431 11389
12432 2144
12432 11628
12432 6349
12432 9534
12432 7319
61585 47700
61585 35643
61585 61412
61585 58877
61585 47741
24725 45393
24725 3874
24725 27829
24725 41112
24725 12185
24725 3932
24725 12133
61590 105776
61590 47724
61590 47741
151 8787
151 6435
151 10101
151 5658
151 8939
151 4302
41112 43761
41112 25682
41112 1733
41112 27834
41115 7865
41115 4586
41115 59163
41115 41134
41115 41663
37020 1234
37020 6379
37020 44356
157 5108
157 5382
157 8740
157 7628
157 6493
157 4367
4256 5316
4256 6807
4256 457
4256 5674
4256 4269
49313 1480
49313 15915
49313 3914
49313 12875
49313 7662
8354 6352
8354 5042
8354 6406
8354 6375
8354 11689
8354 8381
8354 8366
8354 8361
24741 25956
24741 4601
24741 5636
24741 4743
24741 35327
8361 6400
8361 46408
8361 44822
8361 6406
8361 11832
8361 489
8361 11818
4267 21226
4267 222
4267 4631
4269 4248
8366 6352
8366 5634
8366 8723
8366 4405
8366 2998
8366 38840
8366 7705
8366 9981
8366 8381
24755 23617
24755 38982
24755 4601
24755 3816
24755 25305
24755 40282
24755 25919
24755 50383
8372 5458
8372 35348
12318 12372
12318 11109
12318 12343
12318 12361
12318 12413
24759 13683
24759 15390
62836 49371
62836 69772
62836 68486
24763 3768
24763 4601
24763 25316
24763 36222
24763 49527
8380 45985
8380 26078
8380 25239
8380 9992
8380 9994
8380 4284
8380 9998
20669 35555
20669 75742
20669 28630
191 7696
191 3546
192 576
192 451
192 8709
192 391
192 2455
192 318
24770 50578
24770 54814
24770 40358
24770 40330
24770 40123
24770 46908
24770 6061
24770 35374
196 4626
196 11972
196 11973
196 5640
196 6425
196 11514
196 555
196 253
6119 4307
6119 6101
6119 6425
6119 3721
6119 219
6119 6110
6119 6131
24774 34452
24774 38982
24774 25175
24774 9963
24774 40157
24774 51989
110625 21920
110625 60961
110625 60963
110625 60945
110625 60937
110625 28461
200 806
8393 2529
8393 226
8393 44349
8394 12370
8394 7032
8394 12361
8394 4914
8394 12402
4302 17664
4302 8763
4302 11508
4302 22120
4302 6425
4302 22967
4302 22956
4302 22119
49360 60483
49360 46022
49360 27815
49360 52611
49360 23727
49360 65039
49360 95506
49360 19315
49360 47960
49360 83610
49360 12047
49360 47870
4305 49881
4305 39058
4305 18445
4305 39407
210 5704
210 6428
8403 13536
8403 4626
8403 13732
8403 3574
8403 3816
8403 5626
8403 4203
106709 17121
106709 137075
106709 104597
106709 104609
106709 106728
106709 106730
106709 101852
37080 7064
37080 2114
37080 58515
37080 46725
37080 60808
37080 84729
37080 59066
37080 84718
57561 47152
57561 14073
57561 47163
57561 21967
57562 80043
57562 57845
49371 11056
49371 11073
49371 10245
49371 49892
49371 28095
222 7808
222 22130
222 22132
222 7910
222 2122
222 8543
57567 96321
57567 57902
57567 57934
226 576
226 9710
226 11190
226 8475
226 11389
226 22158
226 22159
106723 17121
106723 104597
106723 59110
106723 108520
106723 105050
106723 108460
106723 108461
57573 21458
57573 57763
57573 17364
57573 47096
57573 57673
57573 14186
57573 51587
57573 13876
106726 49760
106726 17121
106726 136891
106726 108005
106726 110427
106726 137029
106728 17121
106728 104610
106728 136867
106728 104609
106728 136889
106728 136862
233 8961
233 3986
233 403
233 490
233 5258
233 155
233 3579
233 3741
233 8763
233 1021
106730 17121
106730 172500
106730 104609
106730 101852
106730 103934
12523 6148
12523 13725
62059 39113
62059 61029
62059 61109
62059 61973
57581 66336
57581 66376
57581 44099
57581 48147
57581 21894
57581 103464
57581 27288
57581 27884
57581 48173
3453 39241
3453 35434
3453 23681
106739 136864
106739 17121
106739 136866
106739 118374
106739 104599
106739 104633
106739 104610
106740 17121
106740 108709
106740 104609
106740 104599
106740 137042
106740 137075
106740 104597
106740 107734
106740 136889
106740 136856
106740 104633
106740 103934
106740 108511
106743 17121
106743 110874
106743 108709
106743 103959
248 22496
248 4626
248 9875
248 4203
248 443
248 5070
8442 38664
253 3621
253 6692
253 5658
253 11514
253 4031
23604 34320
23604 34306
23604 34325
8449 4817
8449 3970
8449 4076
8449 42785
258 425
258 6435
258 403
258 174
24835 38608
24835 9208
24835 47493
24835 4094
4358 20944
4358 5521
4358 11749
4358 35097
4358 53818
263 1552
263 542
263 10022
263 8716
263 22590
265 1021
265 13197
8458 298
8458 11427
8458 5588
8458 21150
1410 1784
1410 5042
1410 243
1410 3574
1410 23299
24846 3792
24846 4034
24846 25045
24846 7319
24846 63834
24846 23615
36909 6931
36909 26988
36909 39022
36909 45763
57616 66578
57616 51587
57616 57828
57616 46990
57616 56616
57616 78810
57616 21458
57616 14190
56624 47096
56624 57729
56624 46990
56624 14065
45331 24861
45331 22435
45331 5588
45331 5573
45331 38982
45331 35768
45331 4601
45331 39898
45331 8957
45331 11853
45331 44835
36910 50713
36910 43509
36910 50655
49881 18273
49881 39058
49881 77509
49881 49894
49881 49511
49881 39407
49881 49733
16664 28201
16664 61259
16664 61372
8474 41427
8474 10444
8474 44573
8474 2707
8475 22801
8475 9710
8475 3448
8475 6411
8475 22159
8475 11389
8475 22158
21150 47871
21150 10962
21150 8543
110879 108705
110879 137042
110879 108709
110879 103959
110879 111272
110879 110874
110879 114703
20768 11744
4386 5382
4386 6613
4386 6486
4386 5129
4386 6489
4386 6458
45347 45393
45347 5941
45347 12234
45347 3675
45347 3932
45347 3741
45349 24736
45349 3380
4391 7808
4391 7689
4391 7826
49448 4915
49448 4739
49448 22158
49448 9672
49448 40858
49448 40867
49448 9710
4393 7689
4393 7395
4393 7589
298 22976
298 23414
298 7319
298 6807
298 6092
298 9741
8496 25185
8496 4034
8496 3960
8496 46108
8496 24910
8496 7285
40328 27187
40328 43638
40328 50662
40328 2297
40328 43609
40328 60343
40328 43628
40328 41149
33074 93088
33074 140808
33074 93108
33074 133973
33074 140807
33074 119896
33074 113451
33074 108940
4403 11689
4403 42658
4403 39652
47747 47697
47747 62835
47747 10244
47747 10197
47747 43447
47747 10248
47747 27353
47747 47724
47747 10245
4405 4427
4405 4980
4405 8381
8504 7824
8504 9760
8504 60282
35309 1457
35309 25986
35309 35348
35309 25926
35309 23831
35309 26873
35309 35374
35309 35327
31455 18640
31455 101950
73098 61066
73098 12837
73098 10782
318 7968
318 4379
318 484
318 470
319 23338
319 23357
322 576
322 3344
322 11186
322 436
322 23161
322 34461
62859 10136
62859 62962
62859 62117
62859 62973
24901 14078
49478 8588
49478 4845
49478 22839
12615 56752
12615 12255
328 5258
328 3660
328 3741
328 3714
328 9855
57673 14128
57673 26459
57673 14159
4426 5672
4426 5382
4426 8086
4426 4463
12343 8769
12343 12370
12343 12394
12343 12280
12343 2057
12343 12402
334 5794
334 5795
334 5765
334 17929
334 5721
334 5690
334 5767
334 5722
334 5694
8528 10962
8528 5067
8528 43770
8528 4677
57681 47136
57681 84834
57681 57747
57681 57701
57681 21785
57681 99134
49490 91003
49490 50413
49490 26749
49490 61589
17123 28281
17123 47724
17123 47750
17123 28279
340 6848
340 34929
4439 5265
4439 12233
4439 34487
4439 24269
4439 7589
12632 1568
12632 59929
12632 12026
49892 23696
49892 11073
49892 49837
19315 95506
19315 52611
19315 27150
19315 23727
16735 489
16735 436
24930 4728
57701 84834
57701 69859
57701 57828
57701 57782
57701 56616
57701 46939
358 35158
49511 27314
49511 26756
49511 49894
49511 39046
49511 18040
49511 23692
49511 39058
49511 26758
49511 39407
12648 51301
12648 12783
24937 13659
24937 15915
24937 25045
24937 7062
57708 47064
57708 21785
57708 46934
57708 27759
94739 23475
94739 51142
94739 27966
94739 12783
367 11409
367 5528
367 5603
367 7413
367 3781
367 5527
367 5672
367 5674
367 4515
367 9741
49522 35491
49522 42644
49522 16302
49522 3782
49522 23864
49522 54441
49522 3098
49522 22894
12661 55970
12661 50228
12661 7189
12661 60838
12661 6551
12661 59066
12661 26508
49527 38672
49527 25046
49527 54814
49527 11838
3735 24969
3735 3726
24957 2633
24957 50378
24957 38371
24957 25468
24957 51142
57729 13057
57729 54355
57729 57925
57729 26461
57729 46990
57729 57791
24962 38617
24962 4027
49539 13516
49539 2324
49539 22894
49539 54439
5332 7617
5332 7459
5332 7589
5332 66523
5332 7404
5332 63054
5332 50165
57734 47096
57734 51584
57734 46990
391 451
24969 3768
24969 24010
24969 7916
24969 29606
4490 5528
4490 9269
4490 10606
8588 46466
8588 7974
8588 7973
8588 34440
8588 36249
8588 59163
8588 6445
4493 1655
4845 1775
4496 5360
4496 10801
4496 6792
4496 22739
48612 59032
48612 26225
48612 56085
48612 27879
403 8961
403 3579
403 1732
403 490
403 4013
403 6002
403 155
403 6428
403 5258
403 9855
4367 8740
4367 5351
4367 5564
4367 6493
61847 16933
61847 60838
61847 26199
61847 7146
61847 65342
61847 1702
47737 47696
47737 90927
47737 10131
47737 10244
47737 47752
47737 47707
47737 28381
47737 1885
7695 5923
7695 7285
7695 7766
7695 23667
7695 3624
57763 13862
57763 22008
57763 21785
57763 13292
57763 96367
8613 11457
35612 47738
35612 61164
35612 47678
35612 27455
12711 3021
12711 42103
90537 100994
90537 63089
90537 100488
90537 87881
90537 106955
90537 106960
90537 95185
90537 104087
90537 85019
90537 104380
90537 67518
90537 17215
4525 1464
4525 678
25007 3960
25007 11457
25007 63834
25007 4427
25007 44419
37297 61109
16818 1121
16818 6489
6899 9992
6899 24200
436 11280
436 9101
436 24023
57782 14128
57782 69859
57782 47095
57782 56616
4169 24784
4169 7689
4169 63834
4169 13310
4169 28255
4379 4882
4379 918
4379 10606
12729 64371
12729 61589
12729 52397
443 451
443 8709
443 7194
443 4203
443 5084
6425 8787
6425 4307
6425 425
6425 6428
16831 61051
16831 15820
16831 85037
16835 76212
16835 47870
16835 1404
16835 27150
16835 65039
64528 18754
64528 39747
64528 64554
64528 51083
64528 51084
64528 26767
64528 49968
64528 50161
64528 50164
64528 50165
64528 49982
64528 49983
4552 4584
4552 2561
4552 25138
4552 3652
457 7748
16842 11832
16842 50681
16842 76059
16842 81118
106955 17215
106955 63089
106955 104087
463 6480
463 6498
463 6483
463 6469
463 40470
463 5129
463 6489
463 6491
463 6494
463 34303
90576 11036
466 25185
466 40501
41427 2707
41427 44573
172500 137249
172500 108004
172500 108005
172500 107734
172500 171297
172500 111272
172500 104609
172500 137029
25045 26332
25046 51482
25046 26659
25046 16254
25046 65039
471 1250
471 12234
471 5690
471 930
471 7455
55254 62564
55254 26533
55254 62166
55254 25940
55254 19389
55254 48661
4570 11210
4570 1283
4570 18287
4571 58643
4571 44907
4571 59790
4571 23639
43770 6593
43770 26372
43770 38840
43770 35529
43770 5978
43770 35550
43770 23263
86495 14456
86495 28385
86495 27987
86495 104158
4576 13514
25057 26518
25057 38982
8063 7970
8063 5527
484 20989
484 1999
40358 7920
40358 46447
40358 1733
40358 35494
40358 28255
40358 12255
25063 23831
25063 34487
25063 11878
25063 18287
4584 2561
4584 3652
4584 2998
4584 59790
489 1568
489 243
489 516
489 2365
490 4017
490 3900
490 6685
490 3022
491 3344
491 35674
491 1923
491 11405
12370 1586
12370 8813
12370 12394
12370 3214
8686 6512
8686 8740
8686 4248
8686 7628
8686 6493
12783 51142
57845 47152
57845 47064
57845 27544
57845 22009
57845 80043
57845 46940
57845 47005
57845 56592
2782 47294
16888 27400
16888 4463
16888 3758
16888 36095
12372 7032
12372 12402
12372 12361
12372 2057
12372 12394
29178 5816
29178 15146
29178 4094
4606 11585
4606 6692
4606 4710
4606 9766
4606 4820
4606 8957
513 6076
8709 542
8709 2455
8709 4203
8709 8716
8709 8734
25345 26032
25345 22496
25345 34629
25345 50131
25345 51989
25345 3782
25345 7144
25345 36222
25345 63391
16907 21377
16907 100516
16907 102005
16907 100502
16907 100513
16907 100508
16907 100523
16907 100492
16907 18940
16907 14990
16907 100495
8716 8734
8716 4203
8716 22590
6287 3050
6287 5978
4626 9765
4626 40311
4626 12025
4626 4589
25107 50506
25107 47314
25107 7182
4628 1616
4628 4817
4628 4601
4628 6196
4628 12023
4628 4632
4628 23812
4628 11100
4628 4612
61973 21024
61973 62082
61973 38468
61973 10187
61973 63869
12822 23698
12822 50131
12822 25956
4631 23617
4631 4612
4631 34487
4631 11818
4631 6365
4632 50713
4632 23522
25113 22803
25113 42020
25113 15430
25113 9047
61978 68689
61978 60994
61978 68726
61978 68695
61978 68681
61978 53578
8732 5316
8732 44822
8732 7455
4637 36128
4637 14467
4637 10907
4637 3021
4637 6390
8734 5070
8734 4203
8734 22590
21024 16945
21024 38468
21024 13175
21024 68681
21024 10187
21024 61981
13744 6122
13744 13763
13744 13725
13744 13695
8283 5881
8283 4914
8740 8742
8740 35272
8740 7179
8740 6512
8740 6483
8740 5108
8740 6493
8740 42103
8740 6458
4645 12416
4645 5232
4645 5235
4645 1910
4645 9601
4645 5210
4645 40871
4645 5229
4645 5215
8742 7617
8742 15842
8742 6469
8742 6472
8742 8746
8742 7179
8742 6483
8742 5108
8742 40470
8742 6587
8742 6493
25127 26515
25127 6988
25127 49494
25127 26125
8746 6480
8746 7617
8746 6498
8746 6483
8746 40470
8746 6587
8746 6493
555 10962
555 11109
555 425
555 10955
555 174
61997 61018
61997 62006
57902 96361
57902 54202
57902 46939
57902 96321
4655 3764
4655 4670
4655 4774
29232 73465
29232 26763
29232 29231
8753 6480
8753 5265
8753 7672
25138 45393
25138 972
25138 7062
25138 11791
62006 73153
62006 17165
53818 22980
53818 68389
8763 6435
8763 11508
8763 2758
8763 22967
574 5704
574 3849
574 9907
574 7758
575 5666
575 5658
575 6493
576 3368
66113 48432
66113 46734
29451 93569
29451 92964
29451 91638
4676 12416
4676 11825
4676 9762
4676 5286
4676 9672
4676 2814
57925 22008
57925 54378
57925 47100
57925 27757
57925 57934
8774 2209
8774 50378
8774 26332
12385 1408
12385 13683
12385 25246
23615 34440
23615 11689
23615 76059
90699 92964
102498 104169
102498 136866
102498 136916
102498 118374
102498 104158
57934 13862
57934 96361
57934 13884
57934 46989
27405 52531
27405 36203
27405 42748
27405 26462
8787 11109
8787 918
8787 1162
8787 1691
8787 6807
62036 61002
62036 61003
62036 21030
26616 7749
26616 23726
25175 47978
25175 16254
25175 22951
28772 95185
28772 95044
49754 47696
49754 10132
49754 62117
49754 62918
49754 63015
49754 55625
49754 62091
49754 62973
7610 6939
7610 46493
7610 26758
8798 2352
8798 8769
8798 1892
8798 2057
8798 12361
8798 6940
8798 8813
7669 7489
7669 5351
7669 5382
7669 5367
49760 137042
49760 103956
49760 137029
49760 136855
49760 137044
49760 136900
49760 136890
49760 108511
25185 7860
25185 38646
25185 3703
25185 59929
11707 22907
11707 22917
23338 3568
23338 11713
23338 5658
23338 23357
4709 4728
4709 4667
4709 23356
4709 35045
4709 4719
8806 1691
618 1105
618 1243
618 46517
619 2050
619 46519
619 26149
619 46534
619 621
621 2050
621 1243
621 1748
621 46534
621 46519
621 971
12910 5035
12910 18445
4719 4667
625 1795
625 3387
625 15845
625 11463
22798 2144
22798 22936
22798 40459
22798 18287
627 35674
627 1243
627 1923
627 2814
627 1999
62069 101385
62069 48708
49784 15944
49784 61409
49784 11572
49784 1190
633 38608
633 10000
633 7766
49786 107745
49786 136855
49786 107736
49786 136889
49786 136890
49786 104599
49786 103934
49786 114703
12394 7032
12394 6940
12394 1586
41599 23618
41599 2582
41599 23414
53888 66336
53888 58529
53888 21430
53888 39969
53888 58541
53888 63599
4737 4017
4737 3764
4737 4733
4737 6807
62082 68681
62082 60994
62082 54022
62082 21413
4203 9875
4203 2455
6469 6512
6469 6497
6469 6483
6469 40470
6469 35272
6469 7179
6469 6494
25222 4034
25222 23667
25222 3703
4743 451
4743 3574
49800 17121
49800 136866
49800 104633
49800 118374
49800 137249
49800 104617
49800 136916
49800 49771
49800 104158
61548 28225
61548 49795
61548 47700
61548 47685
61548 47686
61548 61221
57994 5050
57994 7427
57994 40778
62091 47752
62091 47732
62091 47738
62091 47743
8845 17176
8845 11409
8845 3090
8845 3874
10841 25689
39021 10801
39021 29606
39021 77832
39021 41592
39021 24076
39021 11871
53905 66336
53905 58577
53905 48147
53905 62564
53905 67569
53905 66376
53905 66345
53905 66346
53905 23790
4754 26525
4754 11889
25238 52531
25238 21716
25238 52550
25238 9351
25238 27127
25238 89036
25238 26462
25239 10049
25239 45985
25239 10022
25239 9991
25239 9992
25239 4284
25239 9994
25239 26078
96367 21785
96367 13884
96367 47093
96367 13876
25246 25846
25246 13535
48392 39376
48392 25539
48392 7835
48392 46493
8865 39128
8865 3900
6939 4047
676 727
676 23574
676 40879
62918 10989
4774 3764
4774 4670
111272 108705
111272 136867
111272 111268
111272 108709
111272 137249
111272 108005
111272 171297
111272 137029
111272 136856
111272 101950
25257 12402
25257 34461
8875 41120
8875 8961
8875 34477
8875 9182
49837 23696
10252 38840
10252 39898
10252 6942
4784 11171
4784 22375
9672 4739
62130 61182
45751 61072
45751 60997
45751 63854
41663 13792
41663 9143
41663 7865
41663 4586
41663 41134
25280 24736
25280 10049
25280 35374
4896 6936
4896 11616
4896 1715
4896 6893
45763 26988
45763 41476
45763 11889
12996 52465
12996 34598
12996 15383
12996 58905
12996 39452
711 22753
711 40459
711 6821
711 22739
711 6411
711 1021
711 22158
711 22749
5070 13536
5070 3914
7628 6472
717 10606
4817 3632
4817 6947
4817 42785
4820 2391
62166 27619
727 4985
62168 66376
62168 44099
62168 48147
62168 67542
62168 103464
62168 66346
62168 48173
25305 22907
25306 24784
25306 9601
25306 9362
25306 13793
25306 9356
25306 1682
4831 6131
4831 2885
4831 9622
25312 3970
25312 1812
17121 16208
17121 101852
8931 39552
8931 7716
8931 4980
8931 38788
8931 39345
37670 27187
37670 12036
37670 65039
49894 77509
49894 26756
49894 5814
49894 26758
49894 63959
49894 23692
49894 13725
49894 49733
49894 27663
46534 26158
46534 917
21226 23522
21226 16147
21226 1812
21226 14078
8939 6656
8939 58643
8939 11812
8939 10503
8939 6652
8939 3723
749 34955
749 10270
4847 1784
4847 639
12025 1732
12025 75742
62117 93569
62117 11029
62117 92597
62117 63015
62117 10136
62117 28381
62117 61343
69758 92932
69758 52662
69758 92955
69758 31085
69758 31086
69758 92941
8950 24848
8950 41592
8950 1021
8950 4031
8951 3970
8951 4319
8951 3741
8951 44934
8951 10503
10807 10795
10807 10779
10807 9765
10807 10782
10807 63959
28630 60866
28630 52662
45819 23642
45819 12026
45819 1775
54012 68689
54012 61093
54012 90550
54012 68695
8957 23832
8957 11878
8957 29606
8957 3672
768 3632
768 41121
768 5346
768 542
768 2033
8961 3714
8961 9907
8961 3579
8961 10347
8961 3741
8961 5694
8961 1021
4867 44480
16084 19081
54022 68689
54022 13175
54022 53578
54022 61007
8967 3874
8967 5719
8967 17176
8967 17929
8967 40826
8967 3660
8967 5709
8967 10270
779 15383
779 46493
779 17765
8972 26321
8972 39826
8972 7080
8972 5945
8972 1243
8972 6988
8972 5918
17165 26664
17165 53185
17165 68695
7391 13376
7391 7395
7391 3781
7391 5704
7391 4427
7391 43852
7391 3755
7391 3566
4882 425
4882 5634
4882 3621
17176 2338
23831 35374
23831 35327
4891 6092
73178 63074
73178 13828
73178 61093
73178 26664
73178 68681
73178 60994
73178 50782
73465 73456
73465 44356
73465 3653
73465 65734
73465 73463
73465 73452
73465 87951
73465 27840
73465 29231
66336 44099
66336 26533
66336 21894
66336 66376
66336 66345
66336 66346
66336 27884
66336 58577
66336 27288
21283 39331
21283 9101
21283 63582
49956 50129
49956 50164
49956 26773
49956 64554
49956 51083
49956 26767
49956 50165
39046 56656
39046 26758
39046 34535
39046 23692
39046 7246
39046 27663
806 9519
25383 10000
25383 22976
25383 22115
25383 50453
25383 22120
25383 39871
25383 22956
25383 2334
25383 22917
66345 44099
66345 25940
66345 27128
66345 66376
66345 66346
66345 27884
66345 23790
66346 44099
66346 26533
66346 67569
66346 66376
66346 23790
66346 48616
66346 67542
66346 103464
24711 7618
24711 23299
24711 7701
24711 1882
24711 44178
24711 44207
29484 5993
29484 59163
29484 7716
90927 18738
90927 61251
90927 47738
90927 63003
90927 28381
49968 50161
49968 18754
49968 50164
49968 51080
49968 51083
4914 5636
4914 41134
4914 24009
4914 11645
4914 10606
4914 11791
4915 12416
4915 4739
4915 40858
4915 40867
4915 40909
66358 9875
66358 34487
66358 27692
66358 66362
66358 27420
66358 19389
25401 13057
25401 7556
25401 26461
66362 48864
66362 48147
66362 21894
66362 6551
66362 27692
17211 58855
17211 40583
25404 38608
25404 1337
99134 57747
99134 13876
99134 57621
99134 13862
99134 46961
99134 22008
99134 21785
99134 21967
99134 57828
99134 47135
17215 106960
17215 100994
17215 104087
17215 100488
17215 100986
17215 85019
17215 67518
7916 5923
7916 425
7916 23678
7916 7689
34955 1105
95044 95185
9030 13763
9030 13732
9030 3016
9030 6121
9030 13595
9030 6110
66376 48173
66376 67542
66376 48616
66376 27692
66376 19389
69772 58296
69772 58877
842 21716
842 7092
842 8543
37707 11103
37707 11719
37707 36412
37707 44207
38371 678
38371 6942
38371 47486
56085 58568
56085 58563
9047 22803
9047 42020
9047 15430
4952 7997
17241 55761
17241 105028
17241 7838
17241 20807
100495 21377
100495 100516
100495 102005
100495 100513
100495 100508
100495 100523
100495 100492
100495 18940
100495 14990
100495 65413
4959 12136
4959 5795
4959 24029
4959 5742
4959 1927
25440 44960
25440 23161
25440 4677
25440 41121
25440 23247
865 3994
6225 21608
6225 1682
6225 19869
6225 44573
3575 13536
3575 11186
3575 23639
4968 5444
4968 23646
4968 7910
873 8543
1511 47285
1511 27987
1511 59349
1511 59368
1511 14803
1511 47733
23683 42658
23683 43609
23683 2297
23683 50681
23683 3995
23683 50633
23357 3568
23357 10101
23357 39128
23357 26715
23357 23356
81384 7026
81384 27558
81384 55608
81384 31769
81384 55562
81384 55778
81384 21758
81384 50765
17268 61100
17268 10782
17268 91484
17268 43029
17268 13828
49982 18754
49982 50164
49982 64554
49982 51083
49982 50046
49982 49983
50039 39747
50039 15853
4985 2209
4985 18411
4985 23606
4985 24447
91003 61589
91003 47734
91003 50413
17276 21601
17276 53491
17276 22204
13181 60281
13181 12058
13181 58643
13181 26724
13181 44907
50046 51080
50046 64554
50046 47846
61589 68486
61589 61177
61589 50413
51989 25956
51989 40758
51989 11210
21377 100513
21377 100523
21377 100516
21377 65413
21377 100508
21377 100507
21377 18940
21377 14990
21377 102005
25477 13792
25477 11296
25477 9178
25477 26486
5004 5632
5004 7826
5004 78891
5004 11103
9101 11280
9101 11508
9101 23339
9101 24023
9101 34484
25486 61281
25486 8159
25486 2407
40402 11744
40402 56201
40402 23327
4248 6498
4248 6494
13202 46835
13202 26243
13202 58469
13202 47846
13202 39865
13202 7163
13202 26158
13202 26149
917 2050
917 26158
918 6893
45985 10049
45985 15845
45985 1784
45985 9998
45985 10015
930 26125
930 7279
155 3750
155 7395
155 4076
155 6685
155 3741
37702 3944
37702 45299
29606 6848
29606 77832
29606 41592
29606 3995
29606 11871
5035 15382
5035 2814
62962 62973
11572 25224
11572 11674
11572 3816
17329 26321
17329 6988
5042 6352
5042 6388
5042 6375
21430 54467
21430 50228
21430 27029
21430 74743
21430 63000
21430 12494
21430 46767
9143 11791
58296 62912
58296 11057
58296 58877
5620 23339
5620 5588
5620 22119
5050 12234
5050 5795
5050 3694
21322 43376
21322 10022
21322 9182
5351 1568
5351 5367
5351 5384
5351 5549
5351 9742
25539 23688
25539 11770
25539 41149
50678 37511
50678 50681
50678 4026
50678 50653
50678 13310
50678 50655
46022 27187
46022 12036
46022 43639
46022 65032
46022 83610
46022 52611
46022 95506
46022 12047
100513 100516
100513 108520
100513 100492
100513 100523
100513 108460
100513 108461
100513 102005
100513 100507
100513 100508
6988 9443
6988 34534
6988 38710
6988 26321
6988 36248
6988 26515
13944 10643
13944 49733
13944 27759
971 2050
971 26332
971 26149
972 7062
972 6390
972 1927
972 9943
972 8151
13261 46961
13261 46043
13261 22513
25550 54467
25550 74743
25550 11973
25550 4725
25551 4728
25551 10818
25551 24194
25551 35045
50129 50164
50129 26773
5074 6489
5074 6458
5074 7459
5074 6593
50131 23812
50131 58905
5076 6672
5076 6792
5076 7459
5076 5358
50681 31600
50681 76059
50681 81118
9178 40894
66523 9216
66523 9762
66523 7725
66523 34598
25565 5264
25565 9761
25565 10818
25565 40452
25565 12041
25565 9788
25565 43423
990 25665
990 5258
990 26873
990 7285
990 4031
7617 6472
7617 6483
7617 40470
7617 35272
7617 7179
7617 6587
7617 6461
24447 7808
24447 6016
24447 13406
24447 5433
7059 56752
7059 2707
7059 7062
7059 3574
7059 6076
7059 6316
7059 4093
23356 34320
23356 11713
23356 3568
23356 39128
23356 28361
13292 66578
13292 46990
13292 14190
25581 26724
25581 43609
25581 43628
25581 27150
25581 12047
62973 14679
62973 10136
62973 27353
62973 61343
50161 50164
50161 51084
50161 64554
50161 15853
5107 5577
5107 22449
5107 5105
5107 6647
66548 104272
66548 104291
25589 7662
74743 39826
74743 4725
74743 54476
74743 54479
9208 5649
9208 10034
9208 4027
9208 3755
1021 3579
1021 6411
1021 22375
1021 11628
1021 3741
1021 51309
13310 10000
13310 40758
13310 23713
9216 9235
9216 34598
9216 7033
9216 36249
9216 40699
5626 5506
5626 13523
5626 5993
5626 22418
5626 10767
80043 56592
80043 46961
80043 47064
80043 27544
80043 47005
80043 14319
63456 96329
63456 78810
63456 54355
5129 6494
5129 34303
5634 8067
5634 6613
5634 6489
5634 3621
66578 21458
66578 51587
66578 13862
66578 14159
9235 6872
9235 23402
9235 24784
9235 34598
174 10960
174 6435
174 4307
174 425
174 3546
174 6652
174 10962
174 10955
7127 59929
7127 26843
7127 6879
35673 52707
35673 27013
35673 9256
35673 11405
35673 29006
35673 54637
1048 44573
13828 53185
13828 18107
13828 21413
46108 11689
46108 47294
9251 43852
9251 3781
42020 22749
42020 58905
9256 44480
9256 54637
9256 27013
1066 9392
1066 3380
1066 3335
78891 119896
25648 37202
25648 58971
25648 23573
25648 50662
25648 28119
25648 60343
1544 10643
1544 10270
1544 1871
5170 7393
5170 3557
5170 3624
5170 4427
5170 3741
5170 3566
50228 26563
50228 56070
50228 6551
50228 10727
50228 7189
9269 19161
27314 77509
27314 18445
50235 65361
50235 35190
50235 6551
50235 16344
50235 15994
50235 46760
50235 53324
54332 22009
54332 46934
54332 96329
40699 5265
40699 34598
40699 39433
40699 51705
40699 23402
40699 7404
40699 63054
40699 7033
50239 65361
50239 6931
50239 56103
50239 14537
50239 48845
50239 1871
13376 35730
13376 9940
13376 12216
13376 3874
13376 35294
25665 45393
25665 22894
25665 12185
25665 11674
25665 3932
25665 2973
25665 12133
13378 12185
13378 45393
13378 12133
13378 2033
40459 3546
40459 40452
40459 35789
63074 63842
63074 61042
63074 68726
63074 60994
63074 63869
4093 12262
4093 3758
4093 12255
26125 46466
26125 47510
1105 1670
1105 663
25682 48320
25682 1715
54355 17364
54355 47093
54355 26289
54355 78810
54355 26219
119896 93088
119896 113451
25689 34461
5210 12416
5210 5235
5210 40871
5210 5215
5210 11171
5210 5229
11791 22833
11791 25065
11791 43423
13406 6061
13406 26518
5215 5235
5215 40871
1121 6489
62564 67569
62564 25940
62564 30535
62564 48173
62564 19389
58469 66737
58469 48438
58469 43641
58469 39865
58469 7835
21608 13683
4284 10049
4284 9992
4284 9994
4284 9991
54378 27544
54378 47154
54378 18187
25708 5432
25708 48320
5229 5232
8381 6352
8381 6375
8381 4029
5232 19504
5232 5235
5232 40871
5232 40858
5232 6122
5232 40894
5235 40867
5235 40871
5235 40858
42103 25919
7618 23299
7618 51983
40468 22941
40468 9570
40468 27117
40468 18287
11973 54467
11973 1702
11973 54476
11973 54479
11973 59011
11973 4725
11973 26518
11973 27420
11973 54461
11973 54495
23402 7459
23402 39302
23402 55207
23402 6872
23402 39433
23402 23726
9342 3721
9342 9402
9342 9747
7701 27834
7701 11838
3448 9710
3448 22158
3448 22159
1154 3960
1154 8543
40470 6483
40470 35272
40470 7179
40470 6620
40470 6587
40470 6461
9351 9392
9351 24784
9351 5286
9351 9402
9351 9356
21640 52275
21640 52276
5258 5384
5258 2522
5258 6270
103959 110422
103959 103956
103959 108709
103959 107734
103959 137044
103959 136887
103959 107742
1164 13197
25744 39433
25744 23713
25744 55207
5265 1616
5265 470
5265 7404
9362 9356
9362 9402
9362 2758
58515 18978
58515 59011
58515 35190
58515 27927
58515 10723
50713 43509
58524 58532
58524 26564
58524 54461
58524 48141
12402 8769
12402 681
12402 12280
12402 12361
12402 12413
58528 60816
58528 18978
58528 59011
58528 26595
58528 59039
58528 55970
58528 26563
58528 59023
58529 58576
58529 27879
58529 46767
58529 58541
58529 59039
63003 93529
63003 18738
63003 92941
63003 61343
58532 55970
58532 58548
58532 54478
58532 59047
58532 25012
58532 36551
58532 27420
58532 65342
12486 44178
12486 10779
1190 9940
54439 2064
54439 23856
54439 39492
54439 35491
54439 13514
54439 13516
54441 41120
54441 46417
54441 39492
54441 23864
54441 42644
54441 13514
54441 40123
54441 13516
54441 35501
54441 39871
58541 26199
58541 7488
58541 27879
58541 23790
4677 23994
4677 6677
9391 63505
9391 1927
9391 11385
9392 44480
9392 13793
66737 39865
66737 7835
58547 58561
58547 58563
58548 58561
58548 23790
58548 35190
58548 59032
58548 65342
8769 2057
8769 8813
39113 63869
39113 43029
39113 61007
4980 2057
4980 23339
4980 7163
9402 5286
42867 23828
54461 54478
54461 54467
54461 67542
54461 36551
54461 11036
54461 54495
54461 54476
54461 27420
54461 4725
58561 60816
58561 56789
58561 27879
58561 59039
46274 3568
46274 26210
46274 26230
46274 6938
46274 44207
46274 1359
46274 47486
46274 4031
58563 39969
58563 58579
58563 48839
58563 35190
17604 50662
17604 50633
17604 58968
17604 60473
17604 58971
17604 50669
17604 50655
62662 63000
62662 35550
62662 68486
4427 7393
4427 7395
4427 3781
4427 9855
4427 2522
4427 3566
58568 84718
58568 10706
58568 30548
58568 26777
58568 48638
54473 25811
54473 54476
54473 54478
54473 54495
50378 34535
13175 61002
13175 61093
13516 10960
13516 23856
13516 39492
13516 35491
13516 13523
13516 13514
13516 35461
1229 2166
54478 12494
54478 1702
54478 36551
54478 65342
54478 54495
50383 44207
58576 26199
58576 59039
26228 20383
25811 3981
25811 65342
25811 54495
21716 7092
21716 24181
21716 27127
21716 52555
21716 52554
21716 26462
21716 27125
12494 55970
12494 58579
107734 136855
107734 136890
7033 6872
107736 107745
107736 136900
107736 107751
107736 68631
107736 136855
107736 136887
107736 114703
12413 7032
12413 12280
12413 12361
1243 46723
1243 55365
1243 46043
58589 35312
58589 1457
58589 25926
58589 58600
58589 26873
58589 15819
58589 35372
58589 58605
58589 22190
58589 15053
107742 110422
107742 68631
107742 136887
107742 108511
107742 114703
13536 22833
13536 5993
13536 1691
13536 35374
107745 107751
107745 136889
107745 136890
107745 68631
107745 114703
1250 35550
1250 10286
9443 26251
9443 46734
9443 9927
5348 5632
5348 23768
5348 5346
5348 5356
5348 24053
13862 22008
13862 13884
13862 46990
107751 103956
107751 136890
107751 108511
107751 103934
107751 114703
5352 1568
5352 5549
25468 6828
25468 5663
25468 39388
25468 2365
5356 5360
5356 5632
5356 5380
5356 24053
5356 1910
58605 35312
58605 1457
58605 19637
58605 25926
58605 58600
58605 35372
58605 22190
58605 15053
5358 6672
5358 5815
5358 5384
5358 5380
5358 5316
5358 6619
5358 6717
25839 46842
25839 26595
25839 34351
5360 5603
5360 5588
5360 1910
5360 5672
5360 8067
4307 3546
4307 219
4307 6428
4307 13514
25846 23632
25846 56201
25846 26078
21758 55792
21758 7026
21758 27558
21758 55608
21758 50765
21758 63391
17664 22976
17664 22980
17664 22119
17664 22120
17664 11508
17664 22956
17664 5455
1283 40871
1283 40122
1283 22803
1283 6821
5380 5384
5380 5815
5380 2287
5382 6497
5382 6458
13575 5264
13575 36017
13575 2584
13575 3546
13575 15390
13575 43423
50440 35644
50440 23811
50440 61236
50440 47285
50440 47750
95506 12083
95506 83610
95506 52611
95506 47870
95506 59215
58643 6656
58643 9766
58643 12042
58643 44907
58643 12058
58643 4026
50453 11514
50453 22956
50453 28362
21785 22008
21785 14073
13595 13600
13595 13737
13595 13746
13600 13745
13600 13746
13600 6148
13600 13708
13600 13695
3632 3387
3632 10388
219 6101
219 3016
219 6121
219 6122
219 3721
219 6538
50469 24086
50469 28647
13611 13737
13611 6148
13611 6110
9519 9552
9519 9562
9519 9627
9519 9542
24731 12185
24731 25986
24731 1715
24731 2334
24731 3675
5432 48320
5432 5433
5433 28421
5433 3574
5433 36095
4319 26873
4319 35730
17725 36128
17725 47809
17725 23247
17725 36165
17725 36159
9534 9579
9534 9587
9534 9622
25919 34452
25919 35529
25919 40282
25919 34811
25919 6493
25919 49054
13566 7239
13566 61051
13566 6365
13566 7523
5444 7808
5444 7910
5444 34929
5444 1816
5444 23646
39871 25224
39871 13523
39871 39492
39871 3016
39871 16302
39871 23864
9542 9552
9542 3395
9542 9562
9542 9627
83271 47218
83271 91524
83271 21030
83271 61002
83271 91484
83271 63854
83271 28175
46408 26032
46408 23651
46408 6406
46408 34535
46408 6375
46408 11100
50506 6078
50506 38830
62798 50784
62798 23811
62798 50782
62798 11063
1359 11558
1359 4052
1359 11109
1359 23430
1359 25224
1359 3098
1359 11667
1359 11674
1359 4014
1359 5663
9552 9627
9552 3703
9552 9562
9552 9579
9552 9610
46417 24200
46417 6016
46417 3098
46417 2064
5458 41121
5458 24204
69859 14256
69859 14128
69859 84834
25940 23790
9562 9627
13659 5960
91484 91524
91484 90550
91484 21030
91484 61002
91484 28175
1374 26849
1374 44423
13665 6110
9570 2144
9570 3395
9570 22941
9570 3295
25956 52176
25956 4586
25956 15390
25956 10053
17765 52465
17765 48388
17765 15383
13884 96361
13884 27757
9579 2144
9579 9587
54637 44480
54637 52707
54637 27013
54637 29006
46447 24200
46447 7920
46447 7246
13680 6121
13680 6122
13680 13763
13680 13732
13680 34461
5490 7826
5490 22365
5490 7575
9587 3395
9587 6549
1396 43640
1396 8543
1396 22130
1396 43639
2365 11972
2365 4901
2365 2364
13695 13746
13695 13763
13695 6148
13695 13745
13695 13708
1408 40541
9601 3714
9601 3335
5506 6489
5506 15382
47339 47288
47339 27559
47339 48432
91524 76531
91524 21030
91524 90550
91524 61082
91524 61093
21894 48661
21894 27884
21894 24269
13705 13708
13705 6563
13705 13732
13705 6150
9610 13401
9610 40101
9610 2407
5515 6480
5515 5521
5515 5674
5515 6186
5515 11730
13708 13746
13708 34601
13708 3016
13708 6121
13708 54733
5521 35097
5521 6938
5521 7974
50578 6593
1427 8577
1427 46978
1427 26219
9622 8577
5527 2033
5527 6613
5527 5541
5527 5573
5527 5564
5528 5603
5528 10101
5528 4515
5528 6489
5528 5551
5528 5674
5528 10766
5528 7413
3652 10000
3652 3141
3652 38664
3652 3098
9627 3395
9627 28421
5533 3621
5533 22951
60997 53139
60997 63854
60997 61007
21920 60963
21920 60961
21920 60945
21920 60937
21920 28461
64371 92955
8723 26873
8723 7748
8723 2973
13732 6549
13732 2275
13732 13763
5541 5632
5541 5435
5541 1655
5541 10767
13737 3353
1450 9880
1450 13725
22132 3792
22132 23057
22132 55365
5549 8086
5549 7910
5549 6186
5549 4076
5549 11455
5551 10101
5551 10766
1457 35312
1457 35348
1457 25926
1457 58600
1457 35327
1457 35372
1457 15053
1457 22190
45299 10248
45299 61412
45299 1638
45299 23880
45299 10188
46517 58905
46519 2050
46519 26149
1464 14537
1464 58577
1464 16933
1464 20055
57588 5296
57588 40101
5564 5574
5564 6196
5564 2287
62912 35643
62912 58877
35647 60216
35647 35645
35647 64326
13763 13745
13763 13725
5574 5649
5574 4034
5574 10101
5574 10049
5574 10034
5574 6717
1480 12262
50633 60332
50633 60276
50633 43653
50633 28119
50633 60281
50633 60282
50633 60343
50633 19884
50633 11628
54733 40161
54733 7556
54733 35489
54733 5960
54733 4586
21967 14128
21967 57747
21967 13876
21967 57621
104380 106960
104380 16124
104380 100488
104380 87881
104380 100986
104380 85019
104380 104087
5588 5649
5588 44835
26873 3755
7824 7973
7824 7910
7824 6828
7824 23549
7824 6879
3663 24848
3663 44419
3663 10053
3663 3675
3663 3933
3663 3758
3663 11103
50653 50712
50653 23713
26078 10049
26078 9994
26078 9998
26078 10015
50655 50662
50655 58971
50655 19884
50655 41149
50655 50669
13792 3353
13793 43761
13793 1682
5603 7413
5603 3672
5603 6489
5603 5674
5603 6652
108004 137249
108004 111268
108004 108005
108004 171297
108004 133977
108004 137029
108005 137249
108005 111268
108005 171297
50662 50672
50662 46770
50662 50712
50662 60276
50662 60282
50662 19884
50662 26882
58855 23589
58855 40583
3636 6226
3636 10444
3636 639
50669 37202
50669 43653
50669 60343
50669 58968
50669 60282
50669 28119
50669 60332
9710 11190
9710 22158
9710 22159
50672 50676
50672 48420
50672 60276
50672 37511
9713 2275
9713 41476
1522 24784
1522 2324
1522 9356
1522 9981
1522 2455
26195 42785
26195 38710
26195 40894
26195 3295
50676 48320
50676 41149
50676 2297
6461 6483
6461 6497
6461 6458
6461 6620
6461 6493
91638 93569
91638 101634
91638 92964
91638 92597
91638 55625
91638 11029
91638 61343
22008 57747
22008 47135
22009 47093
22009 27544
22009 46940
22009 46943
9722 1840
9722 27288
9722 3675
58877 47700
58877 47686
58877 28281
58877 35643
103934 137042
103934 137075
103934 68631
103934 136889
103934 136890
103934 108511
34303 6458
34303 44386
34303 6494
5632 44178
34306 34320
34306 34325
5636 35024
5636 26372
5636 11719
5636 43764
5636 11100
140807 93088
140807 113451
140807 28187
140807 133973
5640 10101
5640 7489
17929 9946
5719 5296
5719 5690
5719 9946
5719 10285
5719 10286
9741 10034
9741 1619
9741 6340
9741 6652
9741 11838
34320 34325
34320 7865
5649 10034
5649 3781
5649 22920
5649 5435
9747 6736
9747 3712
9747 35730
9747 3387
9747 6685
103956 137042
103956 137044
103956 68631
103956 136890
103956 136887
34325 6794
1552 22590
5655 43777
5655 6196
63000 18104
63000 75635
58905 11296
58905 44772
5658 47314
5658 23430
5658 11463
9755 7377
9755 6663
9755 6685
9755 10925
9755 36095
1565 1352
1565 1871
1565 36412
1565 15845
1565 44423
54814 9941
54814 13401
54814 13463
54814 38830
5663 5384
5663 7936
5663 9182
9760 10801
9760 10795
9760 16933
9760 7673
9761 11585
9766 6656
9766 35435
9766 11812
9766 44907
63015 47696
63015 92964
63015 55625
63015 27455
5672 43764
5672 6613
5674 23768
46635 38191
63020 46929
63020 59349
17965 47696
17965 35579
17965 43447
17965 10232
17965 47707
17965 10189
17965 46839
34351 10808
34351 59011
34351 35148
34351 59023
1586 12361
1586 2057
1586 6940
23475 51142
23475 7285
23475 27966
23475 40758
13876 57747
13876 14073
2917 15842
16147 35501
7092 27128
7092 13683
7092 27126
5690 9940
5690 1881
5690 5704
5690 10388
5690 5767
5690 5709
5690 24029
28255 25116
9788 10960
9788 10962
9788 6131
9788 14467
9788 3721
6148 23617
6148 13745
6148 6121
5694 5795
5694 5765
5694 5767
5694 5721
5694 3802
38468 68726
38468 62010
38468 10187
38468 61109
2998 14962
9798 7377
9798 5435
9798 6340
5704 7427
5704 9908
5704 5721
5704 5722
48320 22375
48320 23247
48320 18411
48320 24910
48320 28095
63054 23713
63054 7673
63054 51705
63054 7404
1616 8159
22097 3344
22097 6736
22097 22120
22097 22980
22097 5455
1619 11838
93209 100642
93209 100628
93209 59110
93209 164599
93209 93211
93209 11020
93209 104158
1621 43761
26199 19506
26199 2166
58968 58971
58968 12091
5721 5795
5721 6390
5721 5767
5721 5722
5721 5771
5721 5765
5722 5765
5722 5767
5722 3592
5722 5709
5722 3694
58971 46770
58971 43651
58971 60343
58971 60276
58971 12091
58971 26882
54202 96361
54202 46939
54202 96329
50782 50784
50782 23811
50782 47752
50782 28201
61029 26664
61029 61072
50784 47752
24848 10000
26210 26218
22115 6736
22115 3203
22115 22980
22115 22917
22115 2407
22115 22120
22115 7920
22115 12159
118374 31085
118374 104158
1638 47738
1638 60866
1638 60867
22119 22120
22119 4027
22120 22976
22120 22980
22120 22917
22120 22956
22120 5455
22120 6736
26219 26289
26219 46978
26219 26281
26219 47002
26219 46989
136855 136889
136855 136874
136855 136862
5742 9922
5742 10270
5742 1881
5742 40826
5742 10286
26224 26225
26224 25012
26224 39969
26224 35190
26224 27879
26225 59032
26225 26533
22130 14962
22130 43651
22130 43639
22130 43640
22130 6879
22130 40879
99956 108505
99956 93211
63093 11036
63093 34501
26230 35434
26230 22453
1655 4017
1655 44178
18040 18273
18040 26758
18040 10782
18040 63959
100628 14456
100628 93211
100628 100616
3557 11385
3557 6092
1662 1670
1662 8151
9855 12152
9855 9946
59011 60816
59011 39826
59011 7589
59011 18978
59011 27619
5765 5795
5765 5767
5765 24029
5767 5794
5767 5795
5767 5770
5767 5771
34440 34452
34440 23617
26251 46760
38664 9992
46734 52436
46734 39433
59023 59040
59023 10706
59023 60816
59023 27927
59023 26777
59023 36551
59023 59039
102680 81577
102680 35434
102680 39331
102680 84851
102680 31485
1682 56201
9875 4629
26260 2064
26260 2367
26260 24023
104087 106960
104087 100994
104087 100488
104087 87881
104087 85019
104087 67518
9880 6947
9880 13683
83610 60483
83610 52611
83610 23727
83610 12083
83610 43639
83610 47960
83610 59215
83610 12093
83610 47870
1691 19081
34461 11616
46750 2254
46750 23430
59039 60816
59039 26777
59040 58579
13985 26281
13985 46939
5794 7279
136867 137249
136867 108505
136867 136916
136867 104619
136867 111268
136867 171297
13254 47154
13254 47095
13254 47194
13254 57791
13254 78810
1702 12023
1702 54479
59047 16933
59047 7047
46760 58577
46760 48647
46760 7128
46760 46842
46760 1871
26281 46043
26281 78810
26281 46939
26281 46990
26281 57791
136874 137249
136874 136866
136874 104611
136874 136862
136874 104609
136874 136856
136874 108505
136874 104619
136874 133977
5063 7808
46764 47002
34477 12159
22190 35312
22190 35348
22190 25926
22190 58600
22190 35372
46767 55550
46767 14537
26289 14256
46770 25137
46770 55903
46770 37511
9907 10347
9907 5709
34484 23339
34484 11508
34484 24023
34484 3295
26910 38608
5814 18273
5814 39058
5814 26758
5814 63959
34487 6620
34487 4612
34487 35097
34487 11455
18104 11770
18104 60866
18104 16333
136889 137075
136889 137044
136889 136900
136889 104599
136889 114703
59066 27585
59066 58579
59066 48647
59066 60808
59066 84729
59066 27690
59066 10723
18107 90550
22204 59929
22204 53491
22204 19157
22204 21601
102005 100516
102005 65413
102005 18940
102005 100523
102005 100492
102005 14990
102005 100502
102005 100507
102005 100508
9922 10385
9922 40101
9922 3849
9922 9946
9922 12159
26307 1927
1732 51482
1732 23300
1733 43761
1733 1715
1733 44822
1733 1435
1733 2334
9927 39898
9927 4027
9927 40157
9927 26477
12041 5264
12041 23057
12041 4515
12041 7412
12041 36053
3703 11689
3703 5948
3703 39022
100642 14456
100642 24203
3021 52176
3021 5771
26321 38710
26321 36249
26321 51482
9941 24819
9941 9356
9941 26477
5577 7489
5577 9973
9943 27463
9943 3849
9943 9946
9943 12234
38617 5978
9946 11187
9946 12234
9946 3849
9946 3694
9946 12159
26332 7026
26332 1715
104158 104617
104158 133911
104158 31085
104158 136916
104158 104597
104158 108505
1760 10286
61051 61100
61051 61046
59110 93211
34535 23632
34535 451
34535 44772
9963 43497
9963 9356
21458 51587
21458 57828
21458 46990
21458 14159
1774 3712
1774 3849
1775 5978
1775 26607
14065 18759
14065 18187
14065 57621
14065 14073
14065 26459
14065 57868
14065 47135
6538 6122
6538 34908
6538 6110
46835 19506
46835 10643
46835 14946
46835 10723
46835 10727
46835 46842
46835 15853
1781 52138
1781 7309
1781 23414
1781 44349
5878 23549
5878 23574
46839 60866
46839 47750
46839 61164
46839 47678
1784 23811
1784 2391
17364 27544
17364 46043
46842 7217
46842 25012
46842 2166
42748 52531
42748 89036
9981 44907
9981 10962
9981 20973
7808 7968
7808 7910
7808 7725
1795 7108
1795 15845
1795 39773
1795 3295
26372 35024
26372 11730
26372 35529
26372 41134
5893 15873
5893 22418
5893 7910
5893 11889
5893 36203
5893 59778
9991 10049
9991 10022
9991 2057
9991 9994
9992 10049
9992 10022
9992 9994
9992 40311
9994 10049
9994 10022
9994 9998
9994 10015
18187 47152
18187 14073
18187 47096
18187 18759
18187 27757
18187 47005
24194 35045
9998 10049
9998 22894
10000 3590
10000 25224
10000 23263
26243 10643
26243 19506
15915 23430
1816 7488
1816 11853
10009 23880
10009 61259
59163 2561
59163 10018
59163 27029
59163 40105
59163 11689
59163 3292
59163 22941
78810 57868
5918 5945
5918 23698
5918 5941
10015 9182
10015 10022
10015 10049
41120 2064
41120 23856
41120 2033
41120 38830
46043 46961
46043 46978
46043 1252
20383 43447
10022 10049
6449 20944
6449 11749
13018 60361
13018 43651
34601 3016
34601 40282
34601 38982
40583 23589
40583 35494
40583 22941
1840 7096
1840 10034
1840 59790
24200 9973
10034 23430
10034 2542
5940 3214
5940 44822
9182 2364
38710 27829
38710 34534
38710 7144
38710 7080
1847 63427
1847 48141
5945 43761
5945 4014
46908 6936
46908 49011
46908 24269
46908 34534
10049 3590
60483 47969
60483 68898
60483 76212
60483 43639
60483 47960
60483 27815
60483 34685
60483 27150
60483 65039
63299 14962
63299 22399
63299 40879
24203 28225
34629 11616
34629 3295
30535 44099
5960 22866
5960 6942
5960 678
5960 16158
87881 63089
87881 95185
87881 67518
87881 35294
1871 56070
1871 14537
1871 1881
1871 15994
1871 55550
34640 24204
34640 22453
137042 137044
137042 136891
137042 114703
30548 24216
22158 22801
22158 7279
22158 11190
22158 22159
22158 11389
46934 47096
46934 47093
46934 47064
1881 5771
1881 24029
1881 10285
1882 23299
22159 22801
22159 11190
22159 11389
46940 47093
46940 27759
1885 26747
1885 61259
26462 27125
26462 27126
26462 52550
26462 27127
26462 52538
26462 52555
26462 52554
46943 56592
46943 47650
18273 39058
18273 49733
18273 63959
104291 104272
104291 46903
1892 2352
1892 3214
1892 681
1892 8813
5990 61904
5990 4601
5990 12875
5990 2367
5990 23667
22375 12262
22375 63391
5993 5923
14186 18751
14186 47165
26477 28095
14190 47136
14190 57621
14190 26459
14190 57868
18287 22936
46961 47095
46961 47194
6002 7620
6002 6493
6002 5357
75635 92941
75635 47285
10101 3568
10101 6489
1910 5816
1910 5316
34452 39898
34452 38982
18751 47135
18751 96329
7705 38840
7705 27897
7705 11812
7705 6365
34685 47969
34685 12047
27127 27125
27127 52551
27127 27128
27127 52550
27127 36203
27127 52554
27127 7246
27127 24181
22399 23522
22399 23574
22399 27897
22399 2122
22399 14962
22399 23549
6016 3986
6016 40123
6016 35501
6016 10606
49983 51083
46978 14256
46978 46947
46978 46989
46978 47165
1923 11296
1923 3344
1923 2166
1923 35674
1923 11405
57621 3283
1927 11385
51083 50164
51083 26767
51084 26773
46989 56592
46989 47194
46989 47100
46990 26459
87951 73456
87951 27840
87951 44356
87951 65734
87951 30657
87951 73463
87951 73452
26512 6936
26512 26515
26512 34534
26512 36222
59032 48180
59032 26518
59032 27585
59032 35148
59032 65361
22418 35550
22418 39082
26515 38672
10132 10232
10132 10197
10132 47510
10132 35576
10132 55625
26518 5923
26518 25012
10136 14679
47002 14256
47002 47064
47002 46947
47002 23828
47002 22453
47002 27544
47002 639
26525 38672
26525 47870
26525 59215
5384 5366
5384 5815
5384 7791
63391 24086
26533 47493
26533 67542
26533 7189
5105 6647
58577 48147
58577 48616
58577 23790
20807 105028
20807 7838
20807 55761
108460 108520
108460 108461
38830 6414
38830 22365
3750 35730
3750 4076
3750 3741
3750 3970
14256 47064
22449 36053
36091 27117
136862 104610
136862 137044
136862 136856
136862 104619
136862 110427
41121 44960
41121 27029
41121 15819
41121 35550
136866 136864
136866 136916
136866 136891
136866 133977
136866 108505
136866 104619
136866 101230
38840 43761
38840 24053
38840 2407
38840 2287
5108 6498
5108 6483
5108 6486
5108 6475
5108 6494
5108 6493
52611 47960
52611 12083
52611 47870
52611 59215
6076 36159
6076 36165
6076 47809
53578 68689
53578 60994
53578 68695
53578 68681
53578 61981
53578 62014
67518 63089
67518 95185
50165 39747
50165 26773
50165 26767
136864 136891
136864 164599
136864 133977
136864 110427
136864 101230
26563 7128
26563 26564
26563 48638
26564 27882
26564 48661
51142 40758
51142 105015
51142 27966
10183 47738
10183 47686
10183 61303
19161 12005
19161 11818
19161 26607
19161 22876
19161 2749
10187 63842
10187 68726
10187 36665
10187 61003
10189 59349
1999 7293
1999 2814
7662 22496
7662 22907
7662 7821
5795 5771
10197 35645
10197 10131
67542 67569
47064 47163
47064 14319
108505 136916
108505 104619
108511 137075
108511 110422
108511 68631
108511 101950
27455 47741
12152 12216
26595 7217
26595 48180
6116 6101
6116 6110
6117 6150
39757 48432
39757 48396
39757 39542
39757 48415
45393 12185
45393 12234
45393 7309
45393 28421
108520 105050
108520 108461
108520 31085
6121 13745
6121 6101
6121 2885
6122 6563
6122 2885
6122 13745
6122 3016
37202 60276
37202 50712
37202 60282
37202 55903
42990 28421
26607 2749
26607 12005
26607 22839
67569 103464
67569 48616
67569 48173
67569 23790
10226 10131
10226 10245
10226 61174
10226 28381
6131 6101
6131 3721
6131 3353
6131 6110
6131 2885
47093 47136
1568 7589
10232 61164
10232 26747
10232 47708
10232 47743
34811 40123
2050 4004
10244 47696
10244 47752
10244 10245
10244 47750
10244 59368
10244 47738
10244 47707
10244 18901
10244 59349
10245 11036
10245 61151
6150 6563
6150 6101
10248 47733
10248 14803
2391 4589
26636 5816
26636 11645
26636 7575
18445 49733
18445 23692
18445 39058
51215 26664
51215 43761
51215 7098
51215 3960
2064 35491
2064 25224
2064 39492
63505 11385
43029 61100
43029 63854
43029 61007
10262 12875
6489 6472
6489 4515
6489 35158
6489 6491
6489 7413
10265 35730
51228 49771
51228 136891
10270 3387
10270 10285
47135 96329
47136 56592
137249 108705
137249 104611
137249 137029
137249 136856
137249 111268
137249 101950
137249 108709
26659 12056
26659 14946
26659 7835
49054 23618
49054 49011
49054 5908
49054 39302
49054 3606
49054 49052
49054 39845
6186 36128
6186 39251
10285 10388
10285 7758
47152 56616
47154 46947
47154 47005
1715 1435
1715 2334
6196 5941
6196 6871
9908 9919
6202 47809
6202 44835
47163 46939
22590 542
22590 3849
22590 2455
2114 60808
55365 11529
38982 4601
38982 40282
96329 26459
96329 46939
2122 7748
2122 23574
5815 6672
5815 5366
63842 61003
63842 61093
63842 68726
63842 62010
6223 19504
6223 6226
6223 8002
5816 44419
5816 11455
1162 2209
1162 15845
47194 47005
26715 39128
136890 137029
136890 114703
63582 27400
63582 48404
2144 10960
2144 7717
47201 84729
47201 53324
136891 133977
136891 101230
136891 114703
26724 60361
26724 43628
4515 7427
4515 7413
22631 40826
22631 10388
22631 6685
47969 12083
47969 43639
47969 12042
47969 12093
10347 5709
10347 4029
51309 27125
51309 12133
39022 26849
39022 24475
39022 26988
39022 11889
63599 7146
63599 48147
34929 7711
2166 25012
2166 18757
2166 48616
4457 8086
14456 100616
47809 36159
26747 47732
26749 14803
26749 47733
6270 19504
6270 8007
6270 8151
7189 16344
7189 15994
14467 44907
26756 56656
26756 26758
26756 27663
26758 23692
28361 39128
100488 106960
100488 100994
100488 100986
100488 85019
26763 73456
26763 44356
26763 3653
26763 65734
26763 29231
100492 100523
100492 100516
100492 65413
100492 100507
100492 100508
100492 14990
4710 11812
26767 50164
26767 47846
26767 64554
10385 11187
10385 4029
39058 39407
39058 63959
26773 64554
100502 100507
100502 100523
100502 14990
104599 16208
104599 136900
104599 104597
104599 136856
41149 23494
41149 60281
41149 12056
41149 27897
41149 12023
41149 19884
41149 12091
26777 24216
26777 84718
100507 100516
100507 100523
100507 18940
100508 100516
100508 100523
100508 18940
100508 14990
100508 65413
7194 7080
3781 3090
3781 3714
108705 110874
104610 16208
104610 104619
104610 104597
104610 136856
104610 49771
93211 164599
93211 11020
100516 65413
100516 100523
100516 14990
100516 18940
108709 111268
108709 136856
108709 171297
451 23812
451 22936
104617 16208
104617 101230
104617 133977
104617 49771
39082 7636
100523 65413
100523 14990
6316 23681
47285 62978
47285 23811
51383 35097
51383 48395
51383 64990
51383 39542
51383 46903
47288 69394
47288 27559
47288 48394
47288 48396
47288 48415
104633 16208
104633 104597
104633 164599
104633 133977
104633 49771
104633 101228
104633 101230
63676 23299
63676 3574
28362 97463
28362 40879
47294 7106
47294 47510
47294 36249
47294 3292
6340 7377
6340 6428
6340 6460
14537 56103
14537 15994
10444 2588
6349 22739
6349 7997
6349 6411
2254 48864
2254 21413
48845 53324
48845 55550
48845 56070
35024 22976
35024 11730
35024 43764
35024 35529
35024 23768
35024 44349
35024 41134
47314 23257
22739 22753
22739 6792
22739 4670
22739 40879
47319 48394
47319 48395
47319 48396
39128 11713
13348 3714
13348 27463
13348 40826
13348 43852
13348 12234
26843 44280
26843 7860
26843 24076
6365 11674
6365 15873
8159 16945
8159 2334
26849 11889
26849 6931
2275 51482
35045 10818
47335 56656
47335 13683
6379 6400
6379 6352
6379 6388
6379 6406
52538 36203
52538 27125
52538 27126
52538 52554
52538 52555
52538 24181
2287 36053
103464 48661
103464 48616
103464 48173
51444 76121
51444 40865
51444 19055
5941 3816
5941 5929
5941 11645
6390 8002
6390 8007
6390 10907
63089 61093
2297 26882
2297 12056
2297 28122
2297 68898
64554 50164
55550 48839
55550 56070
6400 6352
6400 6406
6400 6375
6400 11100
26882 12056
6406 6352
6406 6388
6406 11616
6406 6375
10503 44934
55562 55792
55562 55778
55562 7026
6411 11825
6411 11812
6414 3016
6414 2633
6414 3792
6414 4049
48173 48864
48173 44099
48173 19389
48173 26508
22801 11389
22803 6821
22803 15430
22803 2879
2324 6493
2324 6647
26904 19504
26904 11171
26904 27117
26904 2407
35097 64990
51482 39536
51482 7080
51482 36249
51482 7997
76059 23632
76059 81118
6428 10960
6428 11529
73456 27840
73456 30657
73456 44356
73456 3653
73456 65734
73456 73452
73456 29231
73456 73460
73456 73463
2334 1435
47493 48864
47493 2529
6435 3764
6435 425
4728 11036
4728 10818
47685 47696
47685 47697
47685 47700
47685 47686
47685 61412
47685 47743
6352 6388
6352 6375
6445 7974
6445 6447
6446 23618
6446 5908
6446 39845
6446 39302
6446 3606
6446 22453
6447 22976
6447 35529
6447 7974
6447 22453
2352 6940
2352 3214
2352 8813
22833 36017
22833 40311
18738 93529
18738 110195
18738 92941
9762 44349
9762 12255
24784 44822
24784 3741
22839 5067
22839 10907
55608 31769
55608 7026
48180 27882
48180 44423
6458 6480
6458 6498
6458 6491
2364 11972
2364 4901
394 7098
2367 61904
2367 12875
18754 15853
18759 14073
18759 57791
6472 6480
6472 6498
6472 6475
6472 6491
39241 7489
6475 6480
6475 6497
6475 6491
6475 35272
6475 6620
6475 7179
6475 6512
6475 6493
35148 10706
7717 40105
47734 28279
6480 40101
6480 6512
6480 6483
6480 470
6480 8067
6483 6491
6483 6497
6483 35272
6483 7179
6483 6512
6483 6587
6483 6493
76121 48395
63834 44178
6491 6512
22876 2749
22876 12005
6493 6587
6493 6620
6494 6512
28201 61251
28201 47752
28201 61259
28201 61372
6497 6512
6497 6498
6497 35272
6498 6512
34534 6936
34534 56201
2407 40101
2407 22956
26988 39702
26988 11109
31085 52662
63854 61072
63854 61007
41134 6593
41134 35158
41134 35529
41134 35550
43376 2582
43376 40105
43376 52138
43376 16254
43376 3821
14709 60361
14709 28122
14709 48420
14709 60473
35190 24098
2425 3981
22907 39521
22907 22917
22907 22920
63869 15873
63869 36665
63869 62010
47486 6942
47486 678
47486 5948
47486 16158
59778 59790
59778 2584
59778 5067
59778 15390
59778 43423
51587 14159
22917 22976
22917 3590
22917 22920
22917 39521
22917 3675
39302 4004
39302 7749
39302 3606
39302 49052
39302 39845
22920 3675
22920 7716
23257 22951
23257 11100
23257 12186
23257 23263
5264 43423
5264 36017
6551 16933
6551 10727
6551 7064
6551 48631
6551 48141
108940 140808
108940 93088
108940 113451
108940 133973
9765 10795
9765 10779
9765 10782
59790 19504
59790 15390
47504 47510
47504 36159
35907 10962
35907 11427
35907 23549
27029 7062
27029 40105
27029 6938
27029 24910
47510 23639
47510 36412
2455 542
22936 4172
22936 3295
43423 36017
43423 40452
43423 15390
35233 11744
35233 3050
35233 11645
35233 44934
6563 13725
6563 13745
22951 10962
22951 23263
31086 31600
31086 92955
31086 52662
22956 22976
22956 22980
22956 6736
22956 5455
76212 59215
92597 55625
92597 101634
92597 93569
43447 35555
43447 35576
43447 60867
6585 7489
6585 7835
22513 13057
22513 26461
6587 7179
9973 3050
22976 5455
6593 43764
6593 6648
6593 35529
6593 43852
22980 6736
22980 5455
38646 23686
73463 27840
73463 44356
73463 3653
73463 65734
73463 30657
73463 73460
73463 29231
1435 25065
1435 2582
39376 43641
39376 39865
39376 48409
55761 18938
55761 105028
10706 6947
10706 27927
14803 59368
6613 2759
5881 23247
2522 3579
6619 7538
6619 5357
6619 11719
39388 23856
39388 11616
35294 35158
2529 10643
55778 31769
10723 60816
10723 27927
10723 27882
10723 4047
46161 36665
46161 61046
43497 3292
43497 7412
27116 19504
27116 40858
27116 11878
10734 7128
10734 10727
10734 48839
10734 48647
39407 34579
39407 7636
39407 23692
39407 47949
35312 35348
35312 19637
35312 25926
35312 58600
35312 35372
35312 15053
27125 52555
27125 23652
27125 52550
27125 52554
27125 36203
27125 24181
27125 27126
27125 27128
27126 24181
27126 52554
27126 52555
425 11109
425 3546
425 10955
27128 24181
51705 39433
51705 7589
18938 7838
18940 14990
18940 65413
10749 40867
2558 3344
2558 11327
2558 44423
35327 56752
35327 35348
35327 44207
6656 44907
6656 2542
6663 7427
6663 6685
39433 7589
39433 23726
10766 10767
10767 10808
10767 10779
10767 10782
6672 6692
6672 7377
16302 13523
16302 39492
16302 23864
16302 42644
16302 22894
35348 35372
6574 11056
6574 11073
6574 35555
6574 61209
6574 10989
12361 8813
13401 39552
13401 3016
13401 23864
13401 15819
13401 22365
2584 38788
2587 44480
39452 48409
6685 3430
6685 10925
10782 61066
6692 36017
6692 36053
10795 10808
10795 10818
35372 19637
35372 25926
35372 58600
35372 15053
136887 137075
136887 68631
35374 23828
10801 6717
10801 11853
8543 2209
96379 48402
24910 3995
105015 27966
105015 40758
10808 7271
25012 39969
25012 48839
25012 40501
6717 7826
6717 5844
25986 35489
25986 43761
39492 23856
39492 35491
39492 35461
39492 13514
39492 22894
438 10643
438 5709
438 24029
47686 35586
21601 53491
21601 19157
27208 2209
27208 48166
2633 3816
2633 11674
2633 38191
49052 5908
49052 3606
49052 7749
22967 23339
22967 11508
43599 43664
43599 41592
43599 11871
47696 61409
47696 35555
47696 47752
47696 10131
47696 61343
47697 47700
47697 47750
47697 47708
47697 35644
47697 47743
47700 61412
47700 47708
47700 47741
40865 48395
40865 69390
43609 60281
43609 43651
47707 47752
47707 59368
47707 28281
47707 47738
47707 61259
47708 47732
47708 23880
58600 19637
58600 25926
58600 15053
55903 25137
55903 43509
55903 43638
55903 28119
55903 60332
38672 56201
38672 27829
14946 56070
14946 48839
35434 81577
19051 48394
19051 48402
43628 25137
43628 28119
14962 3624
14962 23646
14962 6879
47732 61409
47732 35555
47732 38201
47732 35644
47733 61360
47733 52397
77832 23686
77832 41592
77832 24076
43639 65032
43639 12058
43639 12047
5908 23726
5908 3606
5908 7749
47738 47752
57791 47096
57791 57868
47743 49795
39552 23430
2690 2973
43651 43653
43651 60343
43651 12056
43651 28119
43651 19884
43651 28122
43651 23573
43653 60473
43653 60343
43653 28119
43653 19884
47750 61360
47750 18901
47750 60867
47752 110195
47752 11045
51855 3672
51855 4733
43664 41592
43664 24076
43664 11871
42644 35491
42644 35461
42644 13514
42644 35501
42644 23856
42644 13523
42644 22894
42644 23864
42644 40123
2707 19869
2707 44573
40871 40894
40871 6110
6807 6848
6807 6828
24023 11280
24023 11508
24023 5455
12136 11409
12136 40826
35489 23832
35489 23647
35489 5435
35489 20973
55970 27879
35491 35461
35491 13514
35491 7791
35491 23856
35491 13523
35491 23864
6821 15430
35494 39849
35494 4586
35494 10606
6101 3016
19109 60961
19109 60937
19109 60963
19109 28461
19109 60969
6828 6848
6828 23667
6828 3595
10925 10945
27187 65039
2738 3473
2738 243
29006 44480
29006 52707
29006 27013
29006 11405
104619 16208
104619 136856
31420 47841
2749 12005
27333 4052
27333 68389
27333 6942
2758 3723
35529 11730
35529 9356
35529 5978
10955 11109
15053 19637
15053 25926
23247 39938
23247 24819
23247 36165
23247 6926
10960 22894
10962 6736
10962 11427
10962 44280
5923 23667
5923 27927
19157 6936
19157 53491
137029 171297
6871 28095
6872 7749
6872 34598
6872 23726
6872 39845
62014 68681
62014 68689
35550 11713
35550 12255
106960 100994
106960 100986
106960 85019
35555 49795
39652 7106
39652 22453
34598 55207
23299 22366
23299 44178
23299 51983
6893 12133
43761 12186
43761 542
76531 61093
76531 21030
76531 90550
76531 28175
10996 60216
10996 62835
35573 69465
35573 62978
35573 69427
35573 69429
5929 25116
5929 3933
84729 56789
84729 10727
84729 60808
11002 93088
11002 93108
35579 38201
35579 35586
35579 61164
35579 61209
31485 81577
31485 84851
2814 3335
2814 35674
18901 60945
43777 4729
43777 4172
43777 7309
43777 39702
35586 11354
35586 11770
6915 7144
92932 92955
470 7620
470 7672
56070 19506
27400 23574
136900 137044
136900 110427
63959 77509
11020 11056
11020 11073
11020 7523
6926 3292
51983 11713
51983 11723
51983 44178
51983 22366
6931 27829
11029 55625
11029 61343
39702 4172
39702 28095
6938 4034
92955 52662
27420 54467
27420 54476
6942 678
23327 27834
6947 27882
6947 39969
92964 93569
92964 110195
92964 55625
92964 28381
56103 65361
56103 20055
56103 15994
56103 53324
6620 6512
6620 6647
23339 11508
18640 101950
11056 11073
11056 11045
11056 11063
11057 61177
12083 12036
12083 23727
35644 60866
35644 10131
35644 61236
35644 46780
35645 64326
11073 11045
39747 7696
39747 39822
27463 3624
27463 3694
46903 44772
46903 48395
46903 69390
43852 11558
43852 40826
43852 3900
43852 12159
47949 27150
7309 14846
76628 59368
76628 61360
133973 93088
133973 93108
133973 140808
133973 113451
64342 61209
47960 68898
47960 27815
47960 47870
47960 59215
35674 3344
39773 11832
43873 19504
84834 46939
11109 23856
11109 13514
64358 60866
5948 7272
5948 3773
47978 68898
47978 23727
101228 101230
52370 23994
31600 89178
31600 81118
7026 55792
84851 81577
60276 25137
60276 60343
60276 50712
60276 28119
65342 36551
23414 4969
25065 40157
25065 7910
60281 60343
60282 19884
4586 22496
4586 27447
2962 44280
2962 22496
2962 40122
2962 23606
73452 27840
73452 44356
73452 3653
73452 65734
73452 30657
73452 73460
11749 20944
11749 52436
68486 11457
68486 110195
7047 7488
56201 12185
13463 11558
28122 48420
28122 60361
28122 12056
28122 60473
39822 7696
35730 3714
35730 3566
4463 3773
4463 8086
2542 25939
7062 12262
7062 12255
48023 27897
48023 23522
48023 23574
84718 27690
84718 60808
27545 55792
27545 31769
2973 15819
2973 4601
93088 140808
93088 113451
93088 93108
93088 28187
7055 6933
7055 16254
39845 23618
39845 49011
39845 3685
27559 48432
27559 48402
27559 48394
27559 48396
7080 27619
7080 6933
7080 16254
39849 7144
39849 4601
39849 27834
39849 36249
52138 11186
52138 44349
60332 43638
60332 28119
60332 60343
11186 11878
11187 3712
11187 9940
11187 3672
11187 3849
11187 3595
93108 140808
93108 113451
11190 11389
60343 25137
60343 28119
35768 7749
39865 52436
13057 23698
13057 47095
13057 26461
19389 27692
19389 24269
43509 77509
43509 37511
43509 12042
27585 39969
27585 48647
7106 23651
7106 7308
7106 3590
7108 23698
23494 23713
23494 27897
3016 3098
60361 48420
60361 60473
60361 12091
60361 23573
35789 3546
35789 40452
3022 3090
3022 11558
3022 3900
3022 3726
6648 7920
6648 11036
7128 48638
7128 48647
7128 27882
7128 7146
39898 22453
39898 3574
14159 57828
6375 4029
104272 97463
23522 4612
23522 40879
27619 48864
27619 27692
5286 12416
5286 40867
7144 4729
6652 7748
7151 15383
62978 69429
4739 40867
40105 7523
137044 104611
137044 110427
23549 23574
39938 7716
23557 24328
23557 31769
23557 24086
23557 28647
101385 48708
13523 35461
13523 3782
13523 23864
13523 13514
13523 35501
7182 7821
27663 56656
27663 23692
11280 5455
3090 7395
3090 11558
3090 3566
3091 4076
23573 25137
23574 40879
68631 137075
68631 110422
68631 114703
41476 26486
3098 3782
3098 25224
3098 35501
85019 100994
85019 100986
48156 2588
5978 35158
5978 11645
15390 36017
15390 40452
39969 48839
39969 12023
26459 14073
48166 12026
27690 60808
27690 60838
27692 39826
85037 61109
7217 54479
19506 48839
52275 52276
52275 36095
10606 24269
23606 23832
23642 4049
23642 23678
60473 48420
47841 93529
43638 12091
46939 47005
23618 49011
23618 7749
44099 48616
44099 27884
44099 23790
7239 3606
7239 7271
57868 3283
57868 14073
7246 23692
7246 49733
23632 11674
68689 68695
68689 36665
68689 61054
46947 27544
27150 27815
27150 12047
11354 11770
20973 5435
20973 12262
40122 19869
23646 27897
23652 26486
7271 63954
7271 44934
27757 56592
23856 13514
23856 35501
23856 23864
23856 40123
23856 35461
13745 40894
23667 55207
23667 23161
68726 61034
68726 61109
23671 16933
23678 3914
23678 7974
4629 3992
3203 6024
60937 60963
60937 60945
60937 60969
60937 60961
60937 28461
23686 44907
23686 52436
23688 7696
39251 3568
11405 44480
23696 54958
23698 4014
54467 54476
54467 54495
54467 4725
15383 52465
15383 46493
13725 3353
23713 7725
27815 59215
27815 23727
23720 60808
25116 4049
52397 61360
23726 55207
23726 11972
44207 24819
36017 40452
22749 22753
137075 110422
27834 4094
40123 35461
40123 23864
13514 35501
13514 6677
13514 23864
13514 3782
13514 35461
27840 30657
27840 73460
27840 65734
11457 50413
59215 68898
59215 47870
26486 7482
54476 54495
54476 54479
6792 44835
3959 3473
3959 39521
47650 11616
47650 49494
52436 48395
52436 48388
52436 7835
23768 43764
23768 11730
3292 40311
40157 3568
7393 3624
7393 3566
7393 3579
7395 3473
7395 3566
21030 90550
65032 68898
65032 12036
27879 36248
113451 140808
113451 28187
27884 23790
23790 48616
7748 12186
52465 48409
58579 60816
7413 5844
7413 44934
7413 3672
44280 7636
16933 12023
101634 101640
7427 40778
50712 48420
50712 19884
101640 46780
48394 48432
48394 48402
48394 52872
48394 48396
48394 69390
48395 39542
48396 52872
48396 48415
23828 47095
23832 23727
29231 44356
29231 3653
29231 65734
29231 30657
29231 73460
7455 3714
171297 104609
171297 110874
171297 111268
171297 101950
68898 23727
7459 4969
11558 3741
16945 61042
16945 61082
48432 48415
3380 3335
48438 43641
23864 35461
23864 35501
23864 22894
23864 22365
6460 44178
6460 22366
27966 40758
36159 11667
36159 36165
7488 7860
7488 60838
7489 11036
3395 7826
44356 73460
44356 3653
44356 65734
36165 5844
52550 24181
40161 7556
23880 49795
23880 61303
26508 48864
52554 52555
52554 36203
52555 36203
6933 3992
23300 35435
93529 28381
55625 93569
11616 49494
36203 52551
11628 44835
11628 11889
40858 12416
40858 40867
4670 3764
4670 4733
40311 11878
36216 7865
36216 7556
93569 61343
44418 38201
44423 15845
40330 49011
60816 56789
11667 11674
7575 44178
36248 46725
11674 25224
11674 4052
3994 3868
49733 77509
24475 11889
24475 3782
19884 12056
47005 27759
47005 639
22894 25224
65039 3992
7482 3590
28095 7821
44480 27013
73153 61042
60866 28225
60866 46780
60866 16333
60867 61409
43764 27447
43764 11719
39331 3914
24009 4049
15819 19637
15820 53139
28119 25137
11730 3755
62835 28279
3546 40452
101852 104611
101852 110427
24029 3970
64990 52872
6736 5455
52707 27013
10643 3595
3566 4733
3566 4031
3568 11713
61904 3914
61904 12875
48631 16344
48631 15994
7672 8086
7672 3579
7672 5357
11770 61209
3579 3741
15873 40501
15873 7766
48647 48839
24076 41592
24076 11871
108461 104609
60945 60963
60945 60961
60945 28461
11713 3970
11713 34501
11713 4054
23811 2209
9940 3874
48661 48864
3606 3667
3606 4004
46493 48388
48388 48409
28187 140808
60961 60963
60961 60969
60961 28461
60963 60969
60963 28461
61045 61042
61045 61066
60969 28461
11818 11832
28175 61093
28175 90550
28175 61002
28175 61082
28175 61054
7739 40879
101950 104609
104597 16208
28225 61164
60994 61981
48708 61003
48708 53185
7749 4004
61002 61003
61003 61981
3660 4013
3660 7758
61007 53185
61007 61109
61007 61034
61007 61981
3666 3667
3666 3764
3667 3764
7766 35435
7766 6879
20055 24216
20055 15994
61018 61066
61018 61054
11871 41592
90550 61093
90550 53139
90550 61109
90550 61082
10172 61360
48402 52872
3694 12159
63954 40879
11889 23727
110195 28385
110195 28381
136916 110427
24181 52551
61046 53139
61046 53185
28279 61182
15994 53324
61054 61072
61054 61100
3712 3932
3712 9919
3712 3868
3712 12159
3714 12159
44178 22366
30657 73460
30657 65734
52872 39542
52872 48415
8813 681
136856 104611
3741 3970
3741 4076
7838 24086
1352 48864
49771 16208
49771 104611
3755 4733
61100 7523
61100 52974
39542 4052
3758 4034
3758 38191
3768 3981
48415 69394
3773 3792
3773 4049
48839 16344
6092 4092
6092 3933
3653 73460
3653 65734
24269 48864
3792 4052
31769 28647
31769 24328
4729 2588
3802 3960
3802 4049
7910 7968
4049 44835
3816 3933
61164 61281
52974 100994
73460 65734
16124 53185
59349 38201
12036 23727
12036 12058
12036 12091
12036 4026
28421 4027
24328 28647
12042 12093
100994 100986
69390 69394
12047 12058
49795 61412
49795 110534
44822 24819
12058 44907
3868 3932
3868 4047
16158 678
3874 12216
69427 69465
69427 69429
69429 69465
3900 12133
12093 4026
12093 23727
61251 61259
61257 61409
61257 61303
16208 104611
16208 104609
65361 53324
3932 12185
3932 12133
12133 12185
12133 4013
3944 27447
61303 61409
40826 12159
16254 3992
19637 25926
2033 4073
4013 12233
61360 61409
4031 12233
4034 4094
4054 4092
