54
143542 126566
126566 126569
126566 126571
126566 132867
126566 128555
126566 42811
126569 126571
126571 132867
126571 128555
132867 182810
132867 182811
132867 128555
128555 181700
128555 42811
42811 20564
20564 14265
14265 14213
14213 57347
57347 54345
54345 46940
46940 26277
26277 102258
26277 132882
102258 132882
132882 132829
132829 144607
144607 57512
57512 80031
80031 57553
57553 96332
96332 96323
96323 57915
57915 14107
14107 13884
13884 57655
13884 13862
57655 13862
13862 57699
13862 18143
13862 57645
13862 66578
18143 57645
57645 66578
57645 57391
66578 57391
57391 100444
100444 47883
100444 112450
47883 115356
47883 112450
47883 19906
47883 12842
47883 100637
115356 112450
112450 19906
12842 49101
49101 9382
49101 30946
9382 75448
9382 89471
9382 45341
75448 112003
112003 71926
71926 53880
53880 11349
11349 11443
11443 8904
11443 484
8904 45377
45377 63505
45377 24160
63505 82123
63505 57274
82123 26987
57274 83576
83576 89062
83576 10526
89062 10526
10526 11105
10526 24846
10526 25572
10526 22203
11105 39409
11105 31110
39409 39938
39938 39974
39938 23247
39974 23247
23247 23294
23294 3819
23294 3511
3819 3511
3511 39635
3511 72786
39635 54444
54444 12700
54444 13516
54444 23864
54444 23856
12700 22421
12700 46156
12700 49522
12700 34955
22421 68837
46156 49558
46156 49522
49558 49522
49558 39966
49558 26736
49522 43218
49522 54434
49522 16302
49522 23864
49522 35491
54434 16302
16302 40334
16302 13523
16302 23864
16302 26736
40334 13516
40334 23864
13516 13523
13516 35491
13516 23856
13516 11768
13523 23864
13523 35491
13523 26736
23864 35491
23864 23856
23864 26736
35491 39966
35491 23856
35491 26736
35491 2064
39966 23856
39966 26736
39966 65085
39966 48941
23856 26736
65085 48941
48941 1946
48941 48404
1946 63240
63240 22198
63240 63293
63240 74318
63240 150663
22198 46900
22198 58407
22198 7635
46900 54165
46900 91519
46900 8457
46900 23398
46900 12988
54165 142313
54165 142314
54165 12988
142314 185737
142314 84506
84506 6061
6061 27291
27291 78613
78613 28614
28614 59971
28614 21855
28614 16007
28614 21527
28614 12576
28614 21812
28614 64257
28614 96633
28614 17799
28614 12500
28614 1906
28614 64261
28614 64268
28614 80461
59971 21855
59971 64256
59971 64257
59971 64265
59971 12571
59971 12500
59971 64266
59971 1906
21855 16007
21855 21527
21855 21812
21855 64257
21855 64265
21855 64267
21855 12571
21855 12500
21855 115948
21855 64266
21855 1906
16007 21527
16007 12576
16007 64256
16007 21812
16007 64257
16007 64267
16007 12571
16007 17799
16007 12500
16007 104130
16007 104129
16007 64266
16007 1906
21527 12576
21527 64256
21527 21812
21527 64257
21527 12571
21527 12500
21527 64266
21527 1906
12576 64256
12576 21812
12576 64257
12576 64265
12576 12571
12576 12500
12576 1906
64256 21812
64256 12571
64256 12500
64256 64266
64256 1906
21812 12571
21812 12500
21812 64266
21812 1906
64257 12571
64257 12500
64257 1906
64265 12571
64265 1906
64267 12571
64267 12500
64267 1906
12571 96633
12571 17799
12571 12500
12571 64266
12571 1906
12571 64261
12571 64268
12571 59970
17799 108419
17799 108420
17799 12500
17799 1906
108420 80461
12500 64266
12500 1906
12500 96459
12500 96457
12500 96460
104130 104129
64266 1906
64266 96457
1906 64261
1906 64268
1906 59970
64261 64268
96459 80461
80461 41789
41789 25890
25890 34517
34517 28411
34517 12988
34517 7635
34517 23637
28411 81786
28411 74318
28411 67066
28411 23637
81786 81782
81786 32027
32027 33980
32027 85452
85452 37902
85452 39003
39003 9614
9614 4584
4584 10823
10823 11538
11538 16911
16911 106192
16911 68198
16911 49481
16911 15037
16911 17577
16911 63293
106192 68198
106192 49481
68198 17577
49481 17577
15037 17577
17577 63293
63293 150712
63293 74318
150712 187918
74318 150663
74318 157405
157405 80494
80494 160204
80494 88035
88035 85876
85876 11674
85876 7635
11674 2633
11674 70412
11674 23632
11674 6365
2633 70412
2633 24957
70412 118201
70412 24957
70412 85878
70412 50389
118201 124701
118201 24957
118201 30455
118201 85878
118201 50389
124701 24957
124701 30455
24957 7622
7622 30596
7622 85098
7622 30455
30596 7270
7270 85098
7270 30455
30455 85878
85878 50389
50389 15509
15509 37032
15509 15371
15509 7635
37032 81916
37032 121799
81916 160729
15371 102854
15371 102855
15371 41862
15371 38117
15371 40313
102854 171939
102854 102855
102854 125633
102854 38117
102854 40313
171939 102855
102855 125633
102855 40313
125633 40313
38117 123089
38117 123091
38117 40313
123089 123091
40313 86772
86772 56746
56746 76560
76560 91901
91901 96065
91901 66254
66254 77900
66254 41760
41760 40831
40831 40880
40831 484
40831 69053
40880 69053
40880 63528
484 40832
484 12257
484 318
69053 2337
2337 45234
45234 52796
45234 130752
45234 45203
52796 130752
130752 45203
45203 86926
86926 130183
130183 26661
26661 71346
71346 72456
72456 91881
72456 3382
72456 9256
3382 8152
3382 28905
8152 87116
87116 163170
87116 163171
87116 97222
163170 163171
97222 29007
29007 20660
20660 23632
20660 71239
23632 27087
27087 23642
23642 115442
23642 118093
23642 52578
23642 26987
115442 118093
115442 21508
26987 25146
26987 43376
25146 2577
2577 43376
43376 28086
28086 81823
28086 45446
45446 131012
131012 68040
68040 76231
68040 71027
76231 118622
118622 125865
125865 40519
40519 42620
40519 47555
40519 71027
71027 2834
2834 10471
10471 92095
10471 92098
10471 80457
92095 92098
80457 11854
11854 25063
25063 34487
25063 25747
34487 4631
4631 4963
4631 55842
4631 1273
4631 6365
4963 4438
4963 35808
4438 489
35808 120308
35808 80691
35808 398
80691 75543
80691 51360
75543 51360
75543 39795
75543 34713
51360 53460
51360 39795
53460 39795
39795 101099
39795 118566
39795 34713
101099 170733
101099 170738
101099 118566
170733 170738
118566 34713
34713 118578
118578 179082
179082 166048
166048 92088
92088 166049
92088 154323
154323 142332
142332 155275
155275 70030
70030 2522
2522 70026
2522 21882
2522 46795
2522 70036
2522 20759
2522 70038
2522 16636
2522 38282
2522 4427
46795 132572
46795 70036
46795 1442
132572 70036
70036 124532
70036 38282
124532 178168
178168 115649
115649 135183
135183 124448
124448 81422
124448 48404
81422 115121
115121 48404
48404 49613
48404 16636
48404 38282
48404 80259
48404 5476
49613 20759
70038 16636
16636 38282
38282 80259
80259 80263
80259 5476
80263 5476
5476 80262
5476 40329
5476 55873
80262 7587
7587 7610
7610 85604
7610 48155
7610 4464
48155 134828
134828 183527
4464 39778
39778 9861
39778 6645
9861 74973
74973 157677
74973 157679
74973 157678
157677 92183
92183 73631
92183 157057
92183 10522
73631 157057
10522 92161
10522 5084
92161 74432
74432 34962
34962 10387
10387 59622
10387 17176
17176 70472
17176 5160
5160 5174
5174 79347
5174 79345
5174 37872
79347 79345
79345 37872
37872 3904
3904 261
261 22646
22646 116801
22646 74327
116801 86250
86250 7776
7776 18401
7776 34475
7776 5640
5640 11481
5640 11513
5640 5374
11481 76085
11481 36046
11481 6614
11481 6409
11481 4341
11481 12270
76085 76701
76085 6614
76085 6409
76085 4341
76701 89325
76701 145958
89325 145958
145958 58630
58630 23042
58630 8056
23042 26035
23042 42513
23042 5506
23042 75629
23042 10988
23042 5526
42513 70789
42513 5526
70789 23484
23484 23479
23479 10556
23479 8053
23479 8047
23479 4392
10556 5084
5084 22568
5084 10448
5084 25
5084 4937
10448 78861
10448 10494
10494 10496
10496 66265
10496 92140
10496 2107
66265 92140
66265 2107
2107 66270
2107 26874
66270 26874
26874 58414
26874 74059
74059 5398
5398 79923
5398 5399
5399 23431
23431 4205
4205 8722
4205 41327
4205 9878
4205 9419
8722 29341
8722 41327
29341 41327
9878 9419
9878 317
9419 317
317 22848
317 391
22848 95362
95362 131422
95362 46027
95362 131423
131422 46027
131422 131423
46027 131423
46027 46026
46027 612
46026 612
612 343
343 35006
343 35013
343 391
35006 35013
35006 391
35013 391
391 132
132 9486
132 9475
9475 36009
9475 44545
36009 44545
44545 38206
38206 28358
38206 19280
19280 19031
19031 92925
19031 6574
92925 90565
92925 166385
92925 166376
92925 92919
92925 10978
90565 105511
90565 97606
90565 90567
90565 47752
90565 97605
105511 110487
105511 97606
105511 90567
110487 97606
97606 139828
97606 103833
139828 61552
61552 28226
28226 62091
28226 91650
62091 17547
62091 47752
62091 49745
62091 62634
17547 93989
17547 107609
17547 18282
93989 166385
93989 93991
166376 166375
166376 92919
166375 92919
92919 91525
92919 10978
91525 125232
91525 112327
10978 92921
92921 141353
92921 133463
92921 28206
92921 49490
141353 90567
141353 133463
90567 47752
90567 103833
90567 83755
133463 104476
104476 91216
104476 35559
91216 113619
91216 84672
91216 140017
91216 144574
91216 86495
113619 30969
113619 90521
113619 110195
113619 69761
30969 150498
30969 84098
30969 63003
30969 59349
30969 107327
150498 128620
128620 132366
128620 61355
128620 171068
128620 163412
128620 62823
128620 62117
132366 31736
31736 119857
31736 101919
31736 101929
31736 101940
31736 64292
31736 101944
31736 101930
31736 101958
31736 134290
31736 142378
31736 61355
119857 101919
119857 101940
119857 64292
119857 134290
101919 101954
101919 31455
101919 101960
101919 101929
101919 64292
101919 101923
101919 101916
101919 101934
101919 101944
101919 101964
101919 18640
101919 101948
101919 101930
101919 101958
101919 101966
101919 101949
101919 101918
101954 31455
101954 101940
101954 64292
101954 18640
101954 101948
101954 101955
101954 101917
101954 101930
101954 101958
101954 101927
101954 134290
101954 101949
101954 101918
31455 101925
31455 101960
31455 101940
31455 64292
31455 101923
31455 101944
31455 18640
31455 101955
31455 101917
31455 101930
31455 101958
31455 101927
31455 101918
31455 142378
101925 101960
101925 64292
101925 101923
101925 101916
101925 101944
101925 101964
101925 18640
101925 101958
101925 101918
101925 101935
101925 142378
101925 92931
101960 101929
101960 101940
101960 101923
101960 101934
101960 101944
101960 18640
101960 101958
101960 101949
101960 101918
101960 142378
101929 101940
101929 101923
101929 101958
101929 101918
101940 101923
101940 101944
101940 101964
101940 18640
101940 101958
101940 101918
64292 101923
64292 101944
64292 18640
64292 101958
64292 134290
64292 101918
64292 142378
101923 101916
101923 101964
101923 18640
101923 101930
101923 101958
101923 101949
101923 101918
101923 142378
101916 101926
101916 101934
101916 101944
101916 18640
101916 101918
101916 101935
101926 101934
101926 101944
101926 18640
101926 101918
101934 101944
101934 18640
101934 101958
101934 101935
101944 101964
101944 18640
101944 101948
101944 101930
101944 101958
101944 101966
101944 101949
101944 101918
101964 110015
101964 18640
101964 101948
101964 101958
101964 101966
101964 101949
101964 101918
110015 18640
18640 101948
18640 101930
18640 101958
18640 101966
18640 101927
18640 101949
18640 101918
18640 101935
18640 110018
18640 92931
101948 101955
101948 101949
101948 101918
101955 101917
101917 101930
101917 101927
101930 101958
101930 101927
101930 101949
101930 101918
101958 101966
101958 101927
101958 101949
101958 101935
101966 101949
101966 101918
101927 134290
101927 101949
134290 142378
101949 101918
101949 110018
101918 101935
171068 133958
133958 93358
133958 134248
134248 183339
134248 91308
91308 90941
91308 61123
90941 106026
90941 91311
106026 91311
91311 90762
91311 69724
91311 83755
90762 91408
91408 103583
103583 83753
103583 49745
103583 69761
83753 150188
83753 161554
83753 161556
83753 150463
83753 161551
150188 158001
150463 65596
150463 161551
65596 152496
65596 61350
61350 105847
105847 115701
105847 61312
115701 93177
115701 61312
115701 106107
115701 85551
93177 61312
93177 119745
61312 28287
28287 47730
28287 91816
28287 31420
28287 6574
47730 91650
47730 104051
47730 68488
47730 28227
104051 62844
62844 61588
62844 56582
61588 93196
61588 93429
61588 106033
93196 166674
93196 118579
93196 94002
166674 118579
118579 94002
94002 93617
93617 96556
93617 82489
96556 12531
12531 96560
12531 15882
12531 61617
96560 161786
96560 146388
96560 47836
96560 94004
146388 138147
146388 59113
59113 75624
75624 157942
75624 20620
75624 75644
75624 91105
157942 150470
150470 187757
150470 110439
150470 134285
150470 63009
134285 64397
134285 112223
134285 47752
134285 90688
47752 50784
47752 47737
47752 91816
47752 110195
47752 11045
103833 50784
50784 52057
50784 52046
50784 65607
52057 52046
52057 16040
16040 104236
104236 18209
18209 30973
30973 47737
47737 133957
47737 90927
47737 75804
133957 110330
110330 103883
110330 141675
141675 163412
141675 141955
141675 114379
141955 114379
114379 177628
62823 150073
150073 187731
187731 179517
179517 119898
119898 148169
119898 159192
148169 140782
148169 132051
148169 61125
148169 161758
148169 84106
140782 52981
52981 132051
52981 61125
132051 61125
61125 92942
61125 33269
61125 1644
61125 134256
61125 107910
92942 151488
92942 62993
92942 90927
151488 102525
151488 105047
102525 148434
102525 105047
102525 102504
148434 105047
148434 102504
105047 102504
105047 61279
61279 61246
61246 148453
61246 101229
101229 99494
101229 101852
101229 101850
99494 101487
99494 101852
101852 170494
101852 101855
101852 136871
101852 114698
101852 110427
101852 154358
101852 133555
101852 106719
101852 101853
101852 171309
101852 108001
101852 108357
101852 49792
170494 106719
101855 136871
101855 19246
101855 101853
101855 171309
101855 166707
136871 104619
136871 101853
136871 171309
104619 137051
104619 101853
104619 171309
104619 106746
137051 114698
137051 110427
114698 107734
114698 102495
114698 172487
114698 107997
107734 108000
107734 136855
107734 107651
107734 172487
107734 137055
107734 136885
108000 110427
110427 171301
110427 136916
110427 18862
110427 106726
110427 170495
110427 49792
171301 171307
171307 101850
101850 102498
101850 110418
102498 104199
102498 118374
102498 136916
102498 106724
102498 49782
104199 104172
104199 81630
104199 172638
104199 49782
104172 102500
104172 59110
102500 19167
102500 108456
102500 104200
102500 49782
102500 99947
19167 111134
19167 99517
111134 118374
118374 108515
118374 112591
118374 108480
118374 102522
118374 108507
118374 108456
118374 49800
118374 49782
108515 170413
170413 102492
102492 113992
102492 108480
113992 52618
113992 20715
52618 63858
52618 140312
63858 143620
63858 73118
63858 135693
63858 111919
143620 73118
73118 135693
73118 156732
73118 111919
73118 156727
135693 156732
135693 111919
135693 156727
135693 30593
135693 48708
111919 156727
111919 30593
30593 61005
30593 91491
30593 85053
61005 84202
61005 48708
61005 16727
61005 29091
61005 73116
84202 61022
84202 63074
61022 60994
60994 96944
60994 61988
60994 61013
60994 63074
60994 73157
60994 96567
60994 61981
60994 61978
96944 112525
96944 61988
96944 61013
96944 62018
61988 61013
61013 63074
63074 53178
63074 61042
63074 141481
53178 85032
53178 61068
53178 58170
53178 48759
85032 75795
75795 113792
75795 12957
75795 97572
75795 101415
75795 101403
75795 61978
113792 141448
12957 12958
12957 97572
12957 85052
12957 42509
12957 73153
12957 26571
97572 91491
97572 141642
91491 76531
91491 61068
141642 53616
53616 140130
53616 141643
53616 141481
141643 170960
170960 101415
170960 101403
101415 48708
101415 87882
101415 101382
48708 16727
48708 101382
48708 135691
48708 135683
48708 105998
16727 85052
16727 100654
85052 162242
85052 162243
162242 162243
162242 190324
162242 177007
162242 113052
162243 190324
177007 113052
113052 113053
113052 20223
113052 113058
113052 101320
113052 113055
113053 20223
113053 113058
20223 113058
20223 113054
20223 113056
20223 113055
113056 72727
113056 100488
72727 118012
72727 61042
72727 73153
72727 105301
118012 100650
118012 61042
100650 20781
20781 16172
16172 104549
16172 104380
16172 100986
16172 104544
16172 91523
104549 104380
104549 100986
104549 104544
104549 91523
104549 62018
104549 104087
104380 100986
104380 104544
104380 91523
104380 104087
104380 100488
100986 104544
100986 91523
100986 17215
100986 100488
104544 91523
17215 62018
17215 67518
17215 95180
17215 101471
17215 104087
17215 100488
62018 148024
62018 104087
148024 73098
73098 77699
73098 83273
77699 83273
77699 125232
83273 46486
83273 61063
83273 63883
83273 105965
83273 61018
46486 20102
46486 53329
46486 61001
46486 48759
46486 91516
46486 128833
20102 61063
53329 138062
53329 141281
53329 61063
138062 141281
61063 61001
61063 48759
61063 91516
61063 128833
61063 42259
61001 147879
61001 147880
61001 6709
61001 62676
147879 62676
147879 109257
147879 175335
147879 149937
6709 83385
6709 18896
6709 62676
83385 18896
18896 110526
18896 62676
62676 109257
62676 149937
62676 149938
62676 75789
109257 175335
109257 149937
109257 75789
149937 149938
149937 75789
149938 75789
75789 120824
120824 59502
59502 85026
59502 145999
59502 141481
59502 61978
145999 58683
145999 73162
58683 104348
58683 16107
58683 104354
58683 104351
58683 73162
104348 16107
104348 104354
104348 73162
16107 101470
16107 20668
16107 104355
16107 104354
16107 104351
16107 104349
16107 104353
16107 104350
16107 73162
101470 20668
101470 141730
101470 14796
101470 113999
20668 104355
20668 104349
20668 104350
20668 113920
104355 104349
104354 104351
104349 104353
104349 104350
104353 104350
141730 105693
105693 146733
146733 149380
149380 131657
131657 171437
131657 48759
171437 102054
102054 103665
102054 135794
102054 16938
103665 158482
158482 76531
61068 52656
61068 68655
61068 91281
52656 106323
52656 53627
52656 68655
106323 91283
106323 68655
91283 61082
91283 53379
91283 20715
61082 111914
61082 91281
111914 71010
111914 111915
71010 155776
71010 111915
111915 73157
73157 100654
100654 20787
100654 85037
20787 16831
20787 85037
16831 91519
16831 15792
16831 105907
16831 97300
16831 85037
16831 105906
16831 101754
91519 96571
96571 127969
15792 101759
105907 97300
85037 31138
85037 105965
85037 105973
85037 96540
85037 145769
31138 94224
31138 47734
31138 93529
31138 110195
31138 101634
31138 120116
31138 53635
31138 93468
31138 75804
31138 101297
94224 167319
94224 93252
93252 90521
93252 63003
93252 93529
93252 148521
93252 110195
93252 61589
93252 62999
93252 47841
90521 149909
90521 109139
90521 90528
90521 47734
90521 92937
90521 47841
90521 120116
149909 149912
149909 109139
149909 133496
149912 109139
109139 90528
90528 47734
47734 122216
47734 18818
47734 21146
47734 134201
122216 159192
122216 27246
159192 78003
78003 146128
78003 144574
78003 93468
146128 108134
108134 103798
103798 103799
103798 15869
103799 46502
103799 15869
46502 15869
46502 131861
131861 103507
103507 97277
103507 108144
103507 101759
97277 108144
108144 108148
108148 67518
67518 36601
67518 95180
67518 105906
67518 104087
36601 55106
55106 136697
136697 65006
65006 1993
65006 65004
1993 65007
1993 65004
1993 65003
1993 65005
1993 272
65007 65004
65004 65003
65004 65005
272 8559
272 5266
8559 5266
5266 8457
8457 8554
8554 88044
8554 8553
8554 8542
8554 8560
8554 76379
8553 8542
8553 8560
8542 8560
76379 38504
38504 80460
80460 6872
6872 83738
6872 66524
6872 39845
6872 43444
83738 9216
9216 66523
66523 9210
9210 9240
9240 66524
66524 37402
37402 1708
1708 49011
49011 60525
49011 39845
49011 49007
49011 51187
49011 135615
49011 49042
49011 89207
49011 23618
60525 58086
58086 10285
10285 57177
10285 72023
10285 10332
10285 40810
10332 57271
57271 26160
26160 625
625 7902
7902 611
7902 5360
611 7850
7850 83093
7850 7861
7861 86437
7861 26605
7861 9730
86437 26605
9730 2064
2064 4188
4188 12508
12508 12709
12508 78428
12508 17753
12508 34543
12508 28657
12508 4888
12508 59929
12709 78428
78428 17753
78428 44984
78428 4888
17753 108290
44984 34543
34543 78039
34543 78040
34543 20368
34543 4888
34543 59929
34543 27536
78039 78040
78039 74710
78040 20368
78040 59929
78040 27536
20368 113348
20368 54734
113348 177130
54734 47889
47889 76929
76929 11743
11743 22556
22556 77541
77541 36046
36046 45701
45701 32790
32790 102614
102614 27548
102614 55731
27548 131032
27548 55801
27548 50469
27548 20131
131032 55801
131032 55737
55801 55596
55801 113862
55801 55737
55596 111323
55596 68523
111323 68523
111323 31768
68523 68531
68523 55499
68523 131031
68531 29734
68531 75819
68531 55738
68531 108224
68531 68522
68531 102223
68531 27240
68531 102225
68531 55716
68531 23557
68531 55780
68531 81384
68531 55717
68531 117744
68531 31769
68531 55737
29734 84273
29734 55768
29734 75818
29734 55738
29734 4290
29734 108224
29734 102223
29734 27240
29734 23557
29734 55501
29734 28647
29734 55737
84273 86356
84273 63391
84273 108224
84273 66582
84273 107859
84273 108227
84273 108233
84273 81384
84273 117744
84273 31769
55768 86356
55768 55615
55768 27240
55768 18938
55768 85626
55768 31774
86356 162833
86356 102223
86356 47874
86356 7838
86356 55761
86356 21258
86356 137860
162833 158099
158099 111394
158099 75819
111394 143570
75819 75818
75819 69001
75819 4290
75819 27240
75819 50469
75819 23557
75819 107859
75819 55501
75819 55814
75819 113832
75819 40240
75819 31769
75818 74766
75818 69001
75818 55715
75818 4290
75818 27240
75818 107859
75818 55814
75818 55780
75818 40240
75818 31769
74766 19407
74766 111586
74766 133317
19407 111586
133317 63391
133317 69001
63391 21758
63391 22038
63391 55731
63391 68522
63391 102223
63391 55748
63391 31672
63391 117735
21758 55668
21758 68522
21758 102225
21758 50765
21758 21258
21758 108233
21758 81384
21758 55737
21758 55608
55668 143690
55668 20807
55668 31854
55668 56119
55668 143689
143690 186127
143690 55738
55738 69001
55738 116197
55738 143816
55738 102223
55738 50469
55738 107859
55738 28647
55738 50765
55738 40240
55738 55717
69001 125504
69001 55731
69001 102223
69001 55501
69001 28647
69001 110692
69001 55780
125504 117745
125504 55501
125504 40240
117745 55715
117745 50469
117745 23557
117745 55814
117745 40240
55715 55735
55715 4290
55715 22038
55715 50469
55715 55814
55715 40240
55735 108224
55735 27240
55735 55780
55735 113862
55735 31769
55735 55737
4290 22038
4290 75820
22038 116205
22038 116199
22038 116197
22038 75820
116199 75820
116199 50469
108224 55731
108224 174793
108224 68522
108224 102225
108224 81384
108224 31769
55731 111354
55731 50469
55731 107859
68522 55615
68522 102225
68522 55562
68522 55716
68522 23557
68522 50765
68522 108221
68522 31769
68522 55737
68522 55608
55615 102225
55615 47874
55615 102722
102223 111354
102223 27240
102223 102225
102223 108221
102223 55780
102223 108094
102223 113862
102223 117744
102223 55608
111354 27240
111354 21002
111354 107859
111354 31768
111354 116208
111354 113863
27240 50469
27240 55501
27240 84266
27240 55707
27240 108233
27240 113862
27240 31769
27240 55737
102225 55562
102225 98370
102225 50765
102225 108233
102225 55780
102225 81384
102225 31769
102225 55608
47874 18938
47874 713
47874 55562
47874 7838
47874 55761
47874 86363
47874 110521
47874 134492
47874 134488
47874 116208
18938 110694
18938 55779
18938 102716
18938 102722
18938 55765
18938 7838
18938 21224
18938 55761
18938 55390
18938 55829
18938 110692
110694 102717
110694 47873
110694 134487
102717 47873
102717 134487
102717 15317
47873 713
47873 134487
47873 15317
713 15317
15317 102720
15317 102723
15317 55779
15317 102721
15317 55603
15317 102716
15317 102718
15317 102722
15317 55776
102720 102723
102720 55779
102720 102721
102720 55603
102720 143577
102720 102716
102720 102718
102720 102722
102720 55776
102723 55779
102723 102721
102723 55603
102723 143577
102723 102716
102723 102718
102723 55776
55779 102721
55779 143577
55779 102716
55779 102718
55779 55776
102721 55603
102721 143577
102721 102716
102721 102718
102721 55776
55603 143577
55603 102718
55603 55776
55603 143579
143577 102716
143577 102718
102716 102718
102716 55776
102718 55776
102722 55776
55776 143871
143871 186198
143871 158102
186198 174729
186198 158102
158102 75820
158102 111352
75820 55562
111352 50466
111352 111309
50466 111363
50466 111309
111309 21002
111309 55390
111309 143521
21002 55562
21002 55390
21002 50765
21002 55748
21002 81384
21002 55608
55562 113847
55562 84266
55562 31672
55562 81384
55562 55717
55562 113863
55562 113862
55562 55737
55562 108218
113847 115069
113847 138455
115069 21258
138455 98370
138455 50765
138455 55777
98370 55612
98370 55725
98370 55686
98370 13305
98370 110521
98370 110516
55612 55765
55612 20203
55612 107008
55612 107005
55612 7838
55612 20807
55612 107003
55612 55761
55612 20131
55612 105028
55612 105031
55765 107012
55765 107008
55765 107005
55765 107002
55765 107016
55765 55725
55765 20807
55765 55686
55765 107003
55765 55761
55765 55390
55765 105028
107012 20203
107012 107008
107012 107002
107012 55725
107012 55686
107012 105028
20203 107008
20203 107005
20203 107002
20203 55725
20203 20807
20203 55686
20203 107003
20203 105028
107008 107005
107008 107002
107008 55725
107008 20807
107008 55686
107008 107003
107008 105028
107005 107002
107005 55725
107005 20807
107005 55686
107005 55761
107005 105028
107002 107016
107002 55725
107002 20807
107002 55686
107002 107003
107002 55761
107002 105028
107016 55686
107016 55761
107016 105028
55725 7838
55725 20807
55725 55686
55725 107003
55725 55761
55725 105028
55725 105031
7838 86240
7838 85626
7838 21224
7838 86357
7838 20807
7838 55686
7838 86363
7838 55716
7838 20131
7838 40240
86240 143579
86240 162561
86240 85626
143579 85626
162561 85626
85626 21224
21224 86357
21224 20807
20807 55686
20807 107003
20807 55761
20807 105028
55686 107003
55686 55761
55686 105028
55686 105031
107003 55761
107003 105028
55761 143357
55761 110521
55761 20131
55761 113832
55761 105028
55761 105031
143357 55390
143357 66582
55390 66582
55390 55796
55390 111346
55390 31768
66582 112384
66582 20131
112384 115209
112384 174726
115209 174726
115209 108093
115209 55836
174726 108093
174726 55836
108093 111859
108093 79632
108093 55836
111859 143521
111859 112387
111859 143450
111859 79632
143521 115778
143521 112387
143521 55565
143521 143523
143521 186068
143521 86363
115778 21738
112387 143450
112387 79632
143450 79632
143450 55501
143450 143902
143450 55777
79632 13305
13305 98367
13305 55565
13305 55707
13305 55777
13305 55717
55565 143523
55565 143520
55565 99194
55565 143519
143523 99194
99194 55608
186068 195032
186068 195033
195032 196330
195032 195033
86363 55829
86363 55499
55829 55716
55716 50469
55716 81384
55716 40240
55716 55737
50469 28647
50469 110692
50469 55496
50469 55814
50469 20131
50469 40240
50469 117735
50469 117514
50469 61741
23557 117737
23557 28647
23557 108205
23557 55814
23557 40240
23557 55717
23557 113862
23557 117744
23557 31769
23557 117735
117737 107859
107859 55501
107859 31672
107859 55777
107859 108221
107859 55814
107859 55780
55501 28647
55501 108221
55501 55814
28647 110692
28647 108221
28647 55814
28647 55505
28647 113862
28647 31769
28647 117735
110692 108205
110692 40240
110692 55717
110692 56119
108205 55793
108205 108221
108205 108233
55793 50765
50765 55670
50765 108227
50765 108233
50765 55780
50765 81384
50765 31854
50765 55505
55670 55777
55670 55717
108227 84266
108227 55714
108227 56119
84266 56119
55707 143768
55707 113832
55707 55737
143768 55796
55796 21258
55796 113832
21258 115068
115068 143925
143925 55815
143925 143519
55815 55783
55815 55505
55783 143888
55783 110521
55783 55836
143888 110521
110521 55496
110521 110516
55496 85200
85200 7288
85200 85198
7288 85199
7288 85201
7288 85198
7288 85202
7288 85203
85199 162320
85201 162328
85198 85203
85203 143902
143902 143519
143902 174603
174603 143555
143555 55593
55593 115852
55593 113841
55593 55808
55593 115857
55593 115856
55593 115851
55593 21778
115852 113841
115852 55808
115852 115857
115852 115856
115852 115851
115852 21778
113841 55808
113841 115857
113841 115856
113841 115851
113841 21778
55808 115857
55808 115856
55808 115851
55808 21778
115857 115856
115857 115851
115857 21778
115856 115851
115856 21778
115851 21778
21778 115862
21778 15705
115862 55748
31672 55714
31672 20300
31672 174634
31672 19327
55714 20300
55714 16412
20300 113228
174634 192960
19327 31774
31774 55777
31774 31768
31774 55499
55777 113862
55777 112389
108221 55814
55814 20131
55814 55780
55814 31854
55814 40240
55814 113862
55814 31769
55814 117735
20131 111346
20131 105028
20131 31769
31768 55836
55836 113832
113832 105028
105028 16412
105028 105031
134492 134488
134488 116208
116208 110516
110516 174613
174613 192957
192957 196047
192957 193563
196047 193563
193563 177986
177986 115168
115168 21307
21307 99304
21307 13908
21307 55623
99304 13908
13908 55623
13908 99305
55623 99305
55623 55499
55623 105031
55499 137860
55499 16412
55499 105031
55499 55717
55499 21738
55499 15705
55499 23911
137860 50374
137860 137861
137860 184366
137860 143449
50374 137861
143449 105756
105756 173494
105756 105755
105756 16779
105756 105757
105755 16779
105755 105757
16779 105757
16779 16412
16412 105031
105031 55675
55675 108233
55675 55780
108233 55780
108233 55737
108233 55608
55780 81384
55780 31769
81384 22416
81384 55505
81384 55717
81384 117744
81384 31769
81384 61741
81384 55608
22416 81579
81579 160584
81579 40329
40329 21040
55873 129417
55873 143978
129417 80496
80496 160206
80496 5557
5557 4503
4503 75689
4503 76730
4503 16
16 4489
4489 9771
4489 6489
9771 72689
9771 89973
72689 3477
3477 71498
71498 3009
3009 5507
5507 39
39 5517
39 444
39 5506
5517 36843
5517 79790
5517 24160
5517 44236
79790 127331
127331 181394
127331 86329
86329 36140
36140 98445
98445 56305
56305 40071
56305 5206
56305 51739
56305 10833
40071 50733
40071 125335
50733 28331
5206 206
206 12417
12417 22714
22714 47867
22714 22155
22714 87169
47867 134470
47867 134465
47867 32398
47867 134467
47867 134468
47867 134469
47867 32885
47867 23983
134470 134465
134470 32398
134470 134467
134470 134469
134470 32885
134465 32398
32398 134467
32398 134468
32398 134469
134468 134469
23983 120622
23983 36319
23983 35781
23983 29611
23983 120621
23983 120623
23983 22874
120622 73572
73572 73570
73572 83541
73570 6830
73570 40505
73570 22874
6830 83541
6830 6064
6830 6820
6830 53473
83541 6064
83541 6820
6064 27707
6064 6820
6064 40505
27707 144831
27707 144830
144831 186426
144831 144830
53473 48601
48601 62513
62513 35768
35768 27977
35768 6697
35768 4998
35768 51411
35768 23931
35768 23929
27977 56672
27977 35781
56672 14967
14967 47890
47890 134525
47890 87987
47890 32887
134525 87987
87987 32887
87987 163551
87987 8531
32887 183453
8531 87988
8531 59788
59788 146990
59788 28657
59788 118524
28657 118524
118524 95870
95870 12120
12120 4888
4888 78430
4888 74710
74710 59929
74710 27536
59929 27536
27536 20162
20162 112938
20162 11621
11621 34942
34942 11839
11839 53583
53583 12043
12043 1396
1396 56868
1396 12084
56868 12084
12084 7984
12084 86715
12084 95795
12084 23398
7984 86715
86715 95795
95795 23398
23398 65227
65227 87882
87882 101382
101382 142096
101382 135683
142096 159603
142096 53999
159603 95180
95180 73102
95180 105906
73102 156709
73102 135794
135794 135787
135794 48759
135787 173789
135787 48759
173789 140312
173789 112838
140312 112838
112838 20099
20099 53627
53627 141654
53627 58170
141654 58170
61042 46413
61042 53959
61042 147980
61042 73153
61042 101754
46413 73108
73108 149365
149365 68655
68655 91281
91281 76545
76545 101479
76545 91627
76545 63847
91627 103780
91627 105965
91627 31004
103780 15861
15861 103778
15861 62006
103778 62006
62006 63883
62006 73153
62006 73148
63883 42509
63883 75794
105965 105973
105965 96540
105965 145769
31004 63847
63847 137288
137288 119915
137288 103284
119915 103284
103284 146385
103284 64362
146385 107412
146385 59110
107412 91816
91816 69724
91816 31420
91816 62891
69724 29182
69724 62134
29182 69772
29182 148737
69772 58877
69772 16694
58877 24270
58877 62912
58877 58880
24270 121887
24270 93522
121887 148927
121887 93522
148927 141672
93522 166962
93522 99328
93522 35646
93522 91287
93522 141672
166962 99328
99328 99342
99328 92931
99342 105701
99342 68472
99342 69573
99342 98619
68472 65015
68472 106749
68472 61276
65015 106749
106749 114930
106749 61276
114930 21183
114930 114931
21183 114931
61276 61297
61297 28206
28206 133898
133898 156752
156752 73128
73128 33544
33544 30975
30975 91822
30975 62633
62633 46780
62633 91696
62633 48702
46780 60866
46780 91696
46780 132511
46780 132508
46780 36319
60866 49745
60866 35646
60866 64323
60866 28630
64323 151538
64323 100976
64323 43447
64323 151543
64323 148470
151538 160968
160968 151724
151724 151726
151724 28630
151726 150431
151726 28630
150431 62993
62993 93644
62993 16694
93644 92937
93644 148521
93644 93468
93644 99497
93644 93990
92937 166418
92937 166415
92937 166416
92937 93468
166418 166415
166418 166416
166418 173288
166415 166416
166416 105432
166416 173288
105432 173288
173288 105588
105588 17782
105588 78117
78117 63030
78117 119769
78117 69759
78117 28385
78117 75635
63030 119769
63030 84098
63030 93990
63030 91641
63030 11073
63030 75635
119769 84098
119769 110195
119769 144574
119769 93315
119769 28385
119769 75635
119769 31542
84098 63003
84098 115990
63003 84672
63003 148249
63003 93529
63003 90927
63003 93314
63003 93317
84672 86495
140017 110087
140017 93429
140017 31542
140017 150504
93429 141455
93429 58174
93429 101320
141455 58174
101320 170920
101320 106828
106828 18818
18818 19286
18818 101636
19286 61296
19286 83039
19286 1644
83039 83031
83039 6574
83031 161191
83031 6574
161191 185758
185758 142372
142372 54243
54243 119885
119885 119891
119885 119892
119885 69573
119885 59349
119891 119892
119891 69573
119891 106033
119892 69573
69573 98619
69573 91287
98619 80220
80220 132549
80220 90912
90912 158001
158001 144571
144571 61122
144571 119745
61122 105698
61122 1644
105698 93519
105698 91287
93519 35559
93519 91287
35559 16694
35559 105576
35559 107643
35559 119676
141672 93005
141672 148514
93005 148514
148514 103842
103842 64338
103842 31726
103842 47755
64338 114872
114872 21146
21146 69759
21146 62999
69759 134201
69759 155052
69759 54156
134201 148422
155052 150387
155052 184910
150387 183006
184910 194844
184910 194845
184910 148249
194844 194845
148249 93529
93529 148521
93529 93314
93529 166970
93529 110188
93529 47841
93529 93317
148521 106131
148521 166922
148521 93468
90927 93314
90927 62830
90927 33269
90927 140893
90927 120016
90927 110192
90927 93317
93314 110195
93314 110192
93314 166775
93314 152646
93314 28797
93314 110187
93314 110175
93314 93317
110195 144574
110195 28385
110195 53635
110195 136715
110195 106131
110195 31542
110195 93317
144574 78131
93315 93995
93995 20637
20637 113901
113901 167089
113901 177419
113901 177261
113901 166916
167089 167088
167089 93654
167089 166916
167088 93654
167088 191411
167088 191410
167088 106184
167088 166916
177419 193478
166916 134433
134433 93131
134433 134434
93131 134434
93131 135691
135691 170435
135691 135683
170435 170434
170435 135683
170434 135683
135683 101403
135683 167800
101403 170961
167800 135769
167800 135771
167800 167795
167800 95313
135769 135771
135769 167795
135769 95313
135771 167795
135771 95313
167795 95313
95313 141481
141481 125758
141481 180261
141481 185440
141481 101632
141481 53999
125758 180261
125758 53999
101632 165445
101632 93083
165445 191048
165445 141483
165445 91350
141483 91350
91350 165442
91350 165444
165442 191042
165442 165865
165442 165444
191042 165865
165865 120112
165865 93111
165865 165444
165865 91776
165865 165868
165865 110187
120112 148715
120112 151587
120112 151586
120112 151584
120112 93111
120112 165444
148715 151587
148715 151586
148715 151584
151587 151586
151587 151584
151586 151584
151584 90469
151584 98615
151584 128521
151584 164363
90469 68488
90469 100978
90469 119686
90469 107327
90469 164361
90469 128521
90469 164363
68488 154224
68488 16694
16694 105576
16694 92984
105576 20620
105576 155070
105576 166970
20620 75644
20620 75637
20620 16850
20620 64342
20620 75635
20620 105227
75644 75637
75637 16850
75637 105227
16850 106033
106033 113927
113927 86495
113927 100335
113927 122078
113927 146567
113927 128521
86495 28385
86495 49756
28385 119688
28385 31188
28385 141715
28385 61292
28385 100335
28385 48149
28385 31542
28385 150504
119688 179428
119688 144194
119688 30978
179428 144194
144194 173565
144194 185532
144194 56112
144194 30978
144194 146129
173565 185532
56112 144202
144202 112591
144202 186279
112591 108480
112591 108516
112591 49800
112591 99947
108480 108516
108480 102522
108480 108520
108480 104184
108516 102522
108516 108520
102522 142346
102522 108520
102522 133496
142346 109250
109250 49813
49813 31726
49813 110801
31726 173084
173084 133434
133434 97605
97605 101634
101634 47407
101634 75804
101634 101636
101634 91818
101634 133899
101634 65607
101634 90428
47407 93015
47407 47377
47407 65607
47407 90428
47407 15116
93015 99948
93015 90428
99948 169950
99948 104184
169950 102517
102517 146386
102517 99520
102517 59110
102517 99517
146386 99520
146386 59110
146386 99517
146386 146380
99520 59110
99520 99517
99520 146380
59110 104187
59110 99517
59110 146380
59110 99507
59110 104184
59110 99947
104187 99517
99517 99506
99517 146380
99517 99507
146380 99507
99507 91613
91613 91603
91603 91610
91610 147811
91610 61115
61115 148125
61115 146550
61115 91227
61115 1644
146550 91227
91227 134422
91227 100637
134422 141635
141635 96905
96905 165512
165512 129579
129579 148348
148348 148807
148348 61403
148807 61403
61403 146602
146602 160961
146602 134365
160961 134365
134365 47836
47836 49756
49756 21145
49756 90491
21145 61163
61163 62658
61163 93083
62658 149916
62658 59349
59349 91067
59349 90688
91067 90713
90713 164700
90713 93087
93087 11000
11000 93086
93086 61589
93086 49490
61589 30978
61589 136715
61589 94004
61589 83755
61589 49490
61589 93210
30978 62999
30978 101759
62999 62830
62999 11056
62830 92984
92984 31663
107643 93556
107643 17570
107643 157938
93556 155070
93556 28227
166970 110188
110188 47841
47841 31420
31420 149489
31420 164389
31420 100637
149489 33313
149489 146537
33313 64342
33313 146537
64342 151592
64342 148737
64342 150344
64342 151594
64342 151589
64342 146537
64342 151593
64342 29081
151592 187369
151592 148737
151592 187368
151592 150344
151592 151594
151592 151589
151592 90821
151592 29081
187369 148737
187369 187368
148737 187368
148737 150344
148737 151594
148737 151589
148737 90821
148737 29081
148737 137240
187368 150344
187368 151594
150344 151594
150344 151589
150344 90821
150344 29081
150344 137240
151594 151589
151594 90821
151594 29081
151594 137240
151589 90821
151589 29081
151589 137240
90821 144294
90821 137240
90821 11088
144294 56175
56175 91727
56175 61187
91727 61187
91727 165823
91727 150267
91727 63379
91727 62912
165823 191135
165823 150267
150267 150801
150267 63379
150267 62912
150801 63379
63379 150362
63379 111138
63379 62964
150362 176152
150362 185375
150362 187819
150362 111138
150362 62964
176152 142084
176152 187819
176152 111138
142084 165684
142084 165681
142084 185375
142084 165682
142084 142085
142084 142083
142084 53992
165684 165681
165684 91596
165684 185375
165681 91596
165681 185375
91596 165682
185375 165682
185375 142085
142085 185640
142085 142083
142085 53992
185640 147775
147775 187060
142083 53992
111138 62964
62912 58880
62912 107327
58880 146129
146129 120116
120116 61607
120116 53635
120116 93408
61607 53635
61607 136715
61607 93255
136715 173717
136715 106131
136715 148771
136715 49490
136715 148333
173717 106131
173717 150504
106131 166922
106131 91323
106131 148333
166922 93468
91323 161758
161758 84106
161758 91224
91224 31093
31093 121004
31093 93083
121004 93068
93068 119788
93068 100976
148470 164647
148470 93111
164647 93111
93111 165444
165444 91776
91776 165868
91776 17570
91776 150505
165868 186279
186279 164231
186279 164719
164231 90243
90243 133443
133443 47366
47366 47378
47378 47383
47378 47377
47378 47403
47378 1442
47383 47377
47377 47403
47403 133564
47403 1442
1442 47368
1442 34541
47368 34541
47368 133449
133449 178335
133449 93468
178335 193624
178335 166798
178335 191355
193624 191355
166798 191355
93468 166503
93468 62928
166503 115980
115980 61190
115980 148296
115980 21875
61190 148296
21875 90654
21875 115990
90654 115990
115990 120063
115990 75635
120063 96898
120063 75635
96898 141727
96898 106107
96898 91641
96898 100335
96898 75635
141727 106107
85551 162497
85551 93069
162497 93069
162497 150019
93069 150019
150019 33269
33269 120016
140893 120016
140893 185210
120016 75804
185210 171684
185210 173578
171684 104149
171684 149768
171684 173578
171684 110018
104149 102048
104149 102495
102048 102495
102495 68631
102495 171248
102495 105046
102495 170495
68631 137145
68631 107745
68631 136887
68631 154359
68631 154358
68631 133555
68631 114703
68631 137147
137145 107751
137145 171248
137145 172487
137145 111274
137145 108001
137145 108357
107751 107756
107751 107745
107751 171600
107751 133555
107751 114703
107756 107762
107756 107745
107756 49760
107756 114703
107762 137176
107762 135728
107762 107745
107762 136887
107762 154358
107762 133555
107762 110418
137176 49786
137176 104599
137176 136883
137176 137063
137176 137072
137176 137175
137176 137057
137176 136878
137176 137080
137176 135728
137176 137073
137176 137064
137176 137059
137176 56111
137176 136914
137176 136855
137176 136887
137176 137055
137176 136880
49786 104599
49786 136883
49786 137063
49786 137072
49786 137175
49786 137078
49786 136878
49786 137174
49786 135728
49786 137073
49786 137064
49786 137059
49786 56111
49786 136855
49786 107745
49786 136885
49786 114703
104599 136883
104599 137072
104599 137078
104599 136878
104599 137080
104599 137174
104599 135728
104599 137073
104599 137064
104599 56111
104599 136914
104599 137055
104599 136885
136883 137063
136883 137072
136883 137175
136883 137057
136883 137078
136883 136878
136883 137080
136883 137174
136883 135728
136883 137073
136883 137064
136883 137059
136883 56111
136883 136914
136883 136855
136883 110415
136883 136880
136883 136885
136883 114703
137063 137072
137063 136878
137063 137080
137063 137174
137063 136914
137072 137175
137072 137057
137072 137078
137072 136878
137072 137080
137072 137174
137072 135728
137072 137073
137072 137064
137072 137059
137072 136914
137072 136855
137072 136887
137072 136880
137072 136885
137072 114703
137175 171406
137175 137064
137057 136878
137057 137174
137057 137073
137057 136914
137078 136878
137078 137080
137078 135728
137078 137073
137078 137064
137078 137059
137078 56111
137078 136914
137078 136855
137078 137055
137078 136885
136878 137080
136878 137174
136878 135728
136878 137073
136878 137064
136878 137059
136878 56111
136878 136914
136878 137055
136878 136880
136878 136885
137080 137073
137080 137064
137080 137059
137080 136914
137080 136855
137080 136885
137174 135728
137174 137073
137174 137059
137174 136914
137174 136855
135728 137073
135728 137064
135728 56111
135728 136914
135728 136885
137073 137064
137073 137059
137073 56111
137073 136914
137073 136887
137073 137055
137073 136880
137073 136885
137064 137059
137064 56111
137064 136914
137064 136855
137059 136914
137059 136880
56111 136914
56111 106743
56111 104629
56111 136880
56111 136885
136914 136855
136914 171248
136914 110415
136914 137055
136914 136880
136914 136885
136855 49760
136855 111271
136855 136880
136855 111274
107745 154358
107745 171600
107745 114703
136887 171248
136887 137147
171248 107651
171248 154358
171248 133555
171248 101769
107651 137206
107651 154359
107651 18862
137206 154359
137206 174930
137206 49792
154359 174930
174930 154358
154358 133556
154358 171600
154358 133555
133556 171600
133556 133555
133556 137195
133556 49792
171600 133555
133555 137195
133555 49792
133555 137205
106719 110418
106719 108357
110418 110430
110418 110417
110418 18862
110418 110415
110430 110417
110430 18862
110417 137034
110417 18862
110417 110415
137034 137040
137034 137028
137034 49760
137040 137028
137040 49760
137040 111271
137028 49760
49760 137045
49760 106726
137045 106743
106743 170811
170811 108507
108507 104617
108507 106724
108507 49782
104617 108456
104617 49800
104617 108464
108456 105055
105055 108194
105055 105046
105046 108531
105046 103215
108531 108464
103215 99497
99497 93990
93990 93991
93990 85552
93990 31188
93991 83755
85552 14833
85552 158086
158086 75804
75804 101636
75804 104200
75804 91007
101636 104200
101636 91007
104200 166677
104200 172640
104200 166685
104200 164578
104200 53629
104200 91007
164578 172048
172048 103141
103141 172049
172049 116121
172049 116105
116121 116105
116121 60945
116121 147755
116105 112129
116105 60945
116105 116114
112129 60945
60945 147755
60945 116114
147755 116114
116114 101769
172487 111271
172487 111274
111271 19246
111271 49800
19246 101853
19246 111274
101853 171309
136916 49800
136916 149768
136916 172638
49800 104629
104629 18862
104629 106746
18862 110415
110415 137055
137055 136880
137055 136885
136885 114703
136885 106746
111274 114692
114692 172606
114692 106726
106726 107997
107997 108001
108357 170495
170495 106724
106724 166707
106724 149768
166707 149768
166707 173578
149768 173578
173578 110018
110018 137195
137195 49792
137195 137205
49792 137205
137205 114703
106746 137147
137147 108464
108464 108520
108520 100513
100513 106183
106183 90491
90491 164389
90491 78821
90491 148771
78821 105227
148771 93408
93408 94975
93408 35586
94975 35586
94975 11770
35586 53895
35586 11770
53895 11770
11770 31188
31188 141715
61292 94004
94004 83755
94004 42240
94004 49490
83755 42240
83755 49490
42240 49490
49490 127460
127460 181426
127460 181427
127460 175743
181426 181427
175743 110217
110217 103824
110217 110210
103824 15882
103824 61617
103824 110210
15882 27239
27239 61617
27239 62134
61617 62134
62134 11045
11045 11056
11045 11073
11056 62891
11056 6574
11056 11088
11056 11073
11056 49371
62891 48574
48574 785
785 48572
785 48573
48572 48573
48572 101298
48572 14734
48572 101297
48573 14734
101298 14734
14734 101297
101297 134102
134102 59092
134102 92931
59092 146349
59092 59108
146349 146375
146349 59108
146375 59108
59108 59081
59081 83045
83045 6574
6574 83033
6574 11073
83033 93255
93255 111818
111818 148204
148204 165267
148204 91198
165267 91198
165267 120023
91198 120023
91198 56582
56582 120099
120099 119692
119692 107609
107609 18282
18282 103744
18282 102193
103744 102193
102193 53629
53629 91007
91007 16485
16485 105207
16485 105201
16485 36319
105201 128159
105201 90724
128159 42509
42509 90540
42509 128153
42509 53959
42509 73153
90540 128153
90540 73153
128153 53959
128153 73153
128153 147150
73153 156805
73153 16938
73153 20093
73153 53182
73153 26571
73153 156803
73153 147150
73153 20715
16938 61018
125232 29091
29091 154436
29091 101234
29091 154437
154436 101234
154436 154437
101234 154437
101234 14719
14719 100776
14719 101235
14719 18486
100776 61084
61084 73116
61084 61978
73116 29453
29453 63884
63884 85053
85053 82586
82586 73694
73694 53993
73694 42561
73694 96567
42561 128243
42561 128241
42561 76540
42561 96567
128241 76540
128241 96567
76540 96567
76540 153842
96567 127969
96567 153842
96567 61981
61981 61980
61981 53379
61981 101754
61980 149307
61980 61978
61980 53379
149307 62027
61978 75790
61978 73148
75790 73148
75790 53379
73148 53379
73148 20715
53379 17634
53379 141364
141364 96540
141364 145769
96540 145769
145769 101235
101235 109791
101235 18486
101235 53999
101235 102329
101235 91516
109791 18486
18486 109795
109795 104432
104432 172741
104432 56998
56998 135972
56998 73162
14796 101471
101471 113999
101471 100488
113999 105301
113999 20715
105301 138794
138794 105906
138794 102329
138794 101759
105906 60997
105906 68710
105906 101759
60997 68710
68710 154434
68710 112327
112327 154416
154416 147869
147869 90775
90775 148037
90775 75794
90775 125376
148037 107102
75794 125376
125376 147864
147864 142163
142163 185665
185665 171479
171479 102159
102159 20093
20093 112823
112823 31854
55505 40240
40240 21738
55717 108094
55717 112389
55717 21738
108094 113863
113863 113862
113862 56119
113862 55737
56119 143689
56119 117516
56119 55608
117516 131031
131031 117744
117744 58903
117744 31769
58903 31769
58903 61741
31769 55608
55737 55608
61741 44880
44880 108218
108218 55608
55608 143588
143588 112389
21738 115777
21738 103486
21738 15705
103486 103485
103486 15705
103485 15705
23911 120178
23911 68756
68756 19257
19257 111299
19257 54065
19257 84152
19257 77241
19257 111297
19257 103279
111299 54065
111299 77241
111299 111297
111299 103279
54065 142197
54065 133265
54065 84152
54065 77241
142197 182902
142197 133265
142197 77241
182902 133265
133265 182903
133265 84152
133265 77241
84152 77241
77241 158812
111297 103279
103279 120304
120304 35804
35804 44415
35804 398
398 35805
398 3960
398 35811
35805 3960
3960 35811
35811 87409
35811 76689
87409 80684
87409 76689
80684 76689
76689 5360
5360 8067
8067 34405
8067 4362
34405 58918
34405 81800
34405 318
34405 4398
58918 116375
58918 64040
58918 4398
116375 25268
25268 54448
25268 489
54448 73095
54448 4601
73095 3592
3592 40810
40810 26126
40810 66609
66609 32058
32058 23323
23323 74215
23323 23321
23323 23324
23323 10943
23323 29559
23323 42413
74215 10949
74215 10943
10949 16322
10949 23321
10949 23324
10949 10943
10949 29559
10949 10936
16322 76792
16322 23324
16322 42413
16322 21858
76792 92862
92862 117969
117969 73239
73239 81657
81657 5969
5969 35104
5969 41843
41843 116356
116356 22193
22193 116353
22193 116355
116355 72206
72206 72194
72206 3271
72206 72196
72206 42358
72206 71239
72194 3271
72194 72196
72194 42358
3271 72196
3271 72203
3271 72208
3271 42358
72196 72203
72196 72208
72196 42358
72208 42358
71239 3504
3504 70366
70366 7804
70366 22203
7804 86293
7804 69605
7804 86292
86293 72893
86293 154943
86293 86292
72893 69605
72893 146173
72893 154943
72893 86292
69605 82139
69605 154944
69605 146173
69605 154943
69605 86292
82139 154944
82139 146173
154944 86292
146173 154943
146173 86292
154943 86292
86292 98506
98506 13438
13438 10341
10341 34477
34477 49265
49265 8877
8877 88569
88569 163605
88569 163601
88569 163606
88569 163604
163605 163601
163605 163606
163605 179300
163605 119308
163601 163606
163606 163604
163604 179300
163604 119308
179300 119308
119308 30946
30946 53722
30946 70465
53722 70465
70465 41351
70465 29210
70465 71604
70465 9256
41351 29210
41351 36412
29210 71604
71604 9256
9256 28905
28905 94488
28905 9392
9392 45344
45344 30019
30019 48583
48583 37654
48583 76387
76387 78948
76387 5019
78948 5019
5019 24846
24846 39259
24846 11120
39259 124359
39259 116993
39259 11120
11120 45638
11120 93691
11120 64040
81800 7983
7983 43732
43732 20761
43732 58339
20761 40500
40500 85666
85666 8179
85666 7538
8179 7538
7538 11513
7538 6588
11513 5374
5374 4362
4362 74327
4362 22527
74327 22527
22527 35077
35077 8056
35077 8053
8056 8053
8053 63114
8053 8047
63114 22447
63114 23019
63114 36221
63114 8047
63114 76293
63114 5112
63114 4392
22447 23019
22447 36221
22447 9407
22447 8047
22447 76293
22447 5112
22447 6611
23019 36221
23019 8047
23019 76293
23019 4392
36221 9407
36221 8047
36221 76293
36221 5112
36221 4392
9407 79262
9407 79257
9407 76293
9407 5112
9407 126
79262 79257
79257 8047
79257 76293
8047 76293
8047 4392
76293 78059
76293 5112
76293 71969
78059 129227
78059 43367
129227 43367
43367 39839
39839 40384
40384 58407
58407 12988
58407 8386
12988 79930
79930 66348
66348 90064
66348 28748
90064 55257
55257 55273
55273 62166
62166 55254
55254 62173
55254 10710
62173 62181
62173 62180
62181 62180
62181 141010
141010 81630
141010 81632
81630 160600
81630 160603
81630 160605
81630 160601
81630 81632
81630 160602
160600 160601
160600 81632
160603 160605
160603 81632
160605 81632
160605 189997
81632 81631
172638 174941
172638 172626
172626 104184
104184 49782
104184 99947
104184 133496
49782 134294
49782 99947
134294 47755
47755 47708
47708 111736
111736 176432
176432 115220
115220 21342
21342 28630
28630 151729
28630 91641
151729 188149
151729 188147
188149 188147
91641 92931
91641 149020
92931 149020
149020 28227
28227 146537
29081 137240
11088 11073
11073 49371
49371 100978
49371 91105
100978 31104
100978 128521
31104 119686
31104 93032
31104 150043
31104 166862
31104 164361
119686 93032
93032 90480
93032 122078
90480 91105
91105 10188
10188 14367
14367 100335
100335 48149
100335 75635
48149 61123
61123 1644
1644 61119
61119 148148
61119 148147
148148 148147
148147 165075
165075 148682
165075 165076
165075 148684
165075 187344
165075 190951
165075 141242
148682 165076
148682 148684
165076 187257
165076 148684
165076 141242
187257 187908
187257 148684
148684 187345
148684 187344
141242 150028
150028 142476
150028 141773
150028 185536
150028 185538
142476 141773
142476 185536
142476 185538
142476 54303
141773 185536
141773 185538
185536 185538
54303 93595
93595 120037
93595 35635
120037 35635
35635 120039
120039 139815
120039 100344
120039 82489
139815 100344
139815 167010
100344 167010
82489 160954
82489 107327
160954 164726
164726 90730
90730 90734
90734 63009
90734 146714
63009 146714
63009 91057
146714 146717
146714 91057
91057 94414
94414 62117
62117 62996
62996 62918
62996 64362
64362 146591
64362 91696
91696 165314
165314 30997
30997 165310
30997 154231
30997 165312
165310 154231
165312 110192
110192 150043
110192 93317
150043 75635
75635 122078
122078 62878
62878 104087
104087 100488
100488 53182
26571 48715
147150 186916
147150 93428
93428 53999
53999 102329
102329 171566
102329 20715
102329 101759
20715 53676
53676 48759
48759 53184
53184 91516
91516 128833
128833 101759
128833 101754
101759 101754
101754 27246
101754 42259
101754 105227
27246 42259
27246 105227
42259 105227
105227 110210
110210 133764
133764 142336
142336 185746
142336 149856
142336 185745
142336 148616
142336 93210
148616 165227
148616 155046
148616 93210
155046 93210
93210 69761
69761 54156
54156 93133
54156 90688
93133 90688
90688 113031
90688 108156
113031 170808
113031 166862
113031 108156
113031 166775
170808 108156
166862 105999
105999 93199
105999 115586
105999 108375
105999 98615
105999 105989
105999 62928
105999 135417
93199 115586
93199 98615
93199 105989
93199 62928
115586 108375
115586 98615
115586 105989
115586 62928
115586 105998
115586 135417
108375 174863
108375 98615
108375 105989
108375 62928
108375 105998
98615 105989
98615 105998
98615 135417
105989 105998
105989 135417
62928 105998
62928 135417
105998 135417
135417 155067
155067 134256
134256 107910
134256 164361
134256 128521
134256 164363
107910 174652
174652 164719
164719 119076
164719 90724
164719 90727
90724 164716
90724 90727
90724 89231
164716 90727
90727 89231
89231 132511
36319 35962
35962 4570
4570 28048
28048 38533
38533 123592
38533 444
123592 38553
38553 123611
38553 123615
38553 25453
38553 444
25453 27114
27114 51739
51739 35522
51739 9737
35522 9737
9737 6792
9737 4774
6792 4946
4946 12164
12164 9807
12164 11995
9807 83439
9807 83441
9807 83438
9807 89314
89314 120141
89314 89471
120141 89471
120141 179649
89471 45341
45341 127963
45341 42341
45341 117334
127963 42341
127963 72280
127963 181562
117334 23187
23187 8448
23187 38730
23187 7391
23187 3566
23187 605
8448 87719
87719 82631
82631 11515
11515 29783
29783 29158
29158 9324
9324 76259
76259 40664
40664 35277
35277 6508
35277 82861
35277 6469
6508 82861
6508 4386
6508 40473
6508 6494
6508 7774
4386 126
4386 6489
4386 6645
4386 5096
126 593
126 6588
593 413
593 197
413 36033
413 197
413 8700
197 11995
11995 44481
44481 36283
36283 3920
3920 74543
3920 74542
74543 74542
74542 50966
74542 46723
50966 28246
50966 111832
28246 63528
28246 111832
28246 64270
111832 64270
64270 46723
46723 12115
12115 95859
95859 29614
29614 157614
29614 157613
29614 43835
43835 27687
27687 21813
27687 76631
27687 59162
27687 39709
21813 115897
21813 115896
115897 115896
76631 6442
6442 11772
11772 22557
22557 11205
11205 93878
11205 54822
11205 22482
22482 7456
7456 13366
7456 6365
13366 5695
5695 74800
5695 5704
74800 43343
74800 79573
43343 30775
43343 57195
43343 10265
57195 79573
57195 58069
57195 57269
79573 58069
79573 40537
58069 57269
58069 40537
58069 10265
57269 40537
57269 10265
40537 10265
10265 26382
26382 85445
85445 40837
40837 525
525 38730
38730 22562
22562 8700
8700 88220
8700 10688
88220 12179
10688 6475
6475 6497
6475 6472
6475 6507
6475 5108
6475 60093
6475 6512
6475 8748
6475 7774
6497 40472
6497 35283
6497 6507
6497 6461
6497 76251
6497 6469
6497 6512
6497 7774
40472 8742
40472 82785
40472 7617
40472 8746
40472 79280
40472 76251
40472 463
8742 79190
8742 82785
8742 7617
8742 6472
8742 5108
8742 60093
8742 8746
8742 76251
8742 6469
79190 7617
82785 7617
82785 8746
7617 6472
7617 8296
7617 60093
7617 8746
7617 6461
7617 79280
7617 76251
6472 10437
6472 6507
6472 6489
6472 79280
10437 8102
10437 157
8102 4418
4418 23183
23183 13513
13513 38863
38863 123922
123922 128661
128661 161207
161207 148422
148422 146567
148422 164974
148422 118673
146567 179110
179110 164974
179110 193765
179110 118673
118673 148333
148333 170516
170516 119745
119745 148563
119745 101253
101253 62800
62800 150026
62800 131732
131732 108804
108804 31542
150504 31663
31663 17570
119676 150505
150505 93257
93257 149875
149875 62634
62634 17705
17705 108156
152646 28797
152646 110175
28797 141719
28797 110187
28797 110175
28797 93317
110187 110175
110175 93317
93317 93083
93083 91221
91221 107327
91221 100637
107327 164361
107327 128521
107327 164363
107327 108815
107327 174337
164361 176115
164361 128521
164361 164363
164361 108815
176115 128521
176115 164363
128521 164363
164363 108815
108815 174337
100637 61244
61244 99947
99947 133496
133496 161420
161420 140800
140800 170214
140800 87641
140800 100322
170214 100322
87641 100322
100322 36433
36433 69728
36433 91818
69728 91818
91818 110801
110801 133456
110801 169729
133456 133940
133456 169729
169729 133899
133899 65607
133899 90428
65607 93121
65607 90428
93121 90428
15116 102256
15116 70492
70492 13008
13008 3755
3755 4137
3755 7391
4137 3949
3949 8181
8181 11715
11715 77019
77019 125429
125429 120364
125429 180507
180507 123744
123744 154163
123744 25863
123744 77866
154163 96425
154163 68453
154163 77866
96425 168270
96425 168269
96425 168268
96425 168267
96425 74589
168269 168268
68453 30335
68453 25863
30335 25863
30335 77866
30335 27319
25863 77866
25863 27319
25863 80871
25863 12262
77866 89104
77866 80879
77866 27319
77866 80871
77866 12262
89104 80879
89104 27319
80879 27319
80879 56752
27319 80871
27319 12262
80871 89454
80871 12262
12262 31245
12262 12257
31245 12257
12257 10478
12257 56752
10478 67038
56752 62252
62252 35366
35366 35364
35364 23945
23945 25986
25986 12153
25986 87909
12153 12154
12153 12232
12232 34968
34968 118872
34968 118871
34968 43490
34968 22833
118872 179161
43490 22497
43490 10936
43490 43417
43490 22833
22497 248
248 22499
248 4626
22499 51555
51555 86649
86649 10695
10695 17666
10695 43642
17666 108070
108070 142352
108070 54228
108070 174718
142352 54228
43642 83787
83787 54513
83787 54495
54513 74737
54513 28876
54513 54495
54513 142611
54513 114516
54513 54473
74737 28876
74737 54495
74737 25811
74737 114516
74737 54473
74737 54489
28876 153104
28876 153103
28876 153102
28876 20984
28876 54495
28876 25811
28876 114516
28876 54473
28876 54489
153104 153103
153104 153102
153103 188456
153103 153102
20984 114489
54495 142611
54495 25811
54495 130038
54495 114516
54495 54473
54495 61837
54495 54489
54495 54464
142611 54473
25811 130038
25811 114516
25811 54473
25811 61837
130038 114516
130038 54473
114516 54473
114516 61837
54473 61837
54473 54489
54473 54464
61837 54489
54489 54464
54464 58701
58701 109766
58701 88743
88743 61453
88743 54958
61453 59694
61453 148873
61453 143000
61453 148872
61453 31289
61453 54958
148873 143000
143000 54958
31289 54958
54958 26710
54958 46759
26710 136608
26710 136610
26710 97119
26710 133743
26710 46759
136608 136610
136608 97119
136610 97119
46759 3894
3894 24840
24840 63467
63467 53574
53574 61764
61764 115668
61764 21675
61764 1692
115668 21675
115668 42686
115668 128406
21675 115677
21675 104831
21675 42686
21675 102445
21675 115682
21675 115671
21675 115673
21675 115681
21675 61763
104831 16303
16303 52835
16303 104827
52835 42686
52835 128406
52835 115682
52835 104827
52835 128400
52835 115673
42686 102445
42686 128406
42686 104827
42686 128400
42686 115673
42686 1692
102445 128406
102445 104827
128406 115682
128406 104827
128406 128400
115682 104827
104827 115671
104827 128400
128400 115673
115681 61763
61763 1692
1692 12989
12989 97668
97668 32156
97668 54778
32156 54778
54778 94992
94992 94991
94992 11771
94991 11771
11771 868
868 49619
49619 7711
7711 6588
6588 35283
35283 8296
35283 5108
35283 60093
35283 6461
35283 6469
35283 6512
35283 6494
8296 157
8296 6645
8296 60093
8296 6469
157 6463
157 5108
157 6611
6463 6507
6463 5108
6463 6512
6463 6611
6507 40473
6507 463
6489 6645
6489 463
6489 5506
6645 5108
6645 5096
5108 60093
5108 6494
60093 79171
60093 6461
60093 79280
60093 6469
79171 5096
5096 8746
5096 6461
8746 88282
8746 79280
6461 79280
79280 76251
76251 6469
6469 82788
6469 6512
6469 463
6469 6494
6512 8748
6512 40473
6512 6494
6512 7774
8748 40473
8748 6494
8748 7774
40473 4269
40473 463
40473 6494
40473 7774
40473 4249
4269 37790
4269 4249
37790 13577
13577 26616
13577 73666
13577 49008
13577 98742
13577 49015
13577 49017
13577 49016
13577 98743
13577 98739
13577 49024
26616 73661
26616 73666
26616 73660
26616 49017
26616 95616
26616 136144
26616 136143
26616 133778
26616 49042
73661 126072
73661 26569
73661 98739
73661 122273
73661 95616
126072 73666
126072 73665
73666 98742
73666 49017
73666 136106
73666 89167
73666 98739
73666 95616
73665 49008
73665 122273
49008 136093
49008 98742
49008 49033
49008 59162
49008 49017
49008 89167
49008 98739
49008 49042
98742 49015
98742 49017
98742 89167
98742 49016
98742 98739
49015 49032
49015 49024
49015 49042
49032 101811
101811 14906
14906 101806
14906 49036
49036 49033
49036 49024
49033 49044
49033 136138
49033 39845
49044 136138
39845 26569
39845 49007
39845 18775
39845 73660
39845 63928
39845 49017
39845 49016
39845 23618
26569 53788
26569 48729
26569 48347
26569 63928
26569 135615
49007 81877
49007 99068
49007 66808
49007 66189
49007 49029
49007 102297
49007 133778
49007 49055
49007 49042
81877 99068
81877 102297
81877 49055
99068 53788
99068 102297
99068 49017
53788 66808
53788 73660
66808 18775
66808 66189
66808 49029
66808 102297
66808 73660
18775 81507
81507 125266
81507 51187
81507 73660
125266 40017
51187 43444
51187 89207
51187 36756
43444 48729
48729 135131
135131 68771
135131 48347
68771 48347
48347 48702
48702 87339
87339 86153
86153 34817
34817 4356
4356 76222
4356 4341
4356 4249
4356 40924
76222 44433
44433 29369
29369 78844
29369 57192
78844 65121
78844 51915
78844 21361
78844 57192
51915 57345
51915 21361
51915 127591
51915 139656
51915 42056
57345 58021
57345 21361
57345 42056
58021 115250
115250 21361
21361 42056
127591 42056
42056 57192
57192 40471
40471 463
463 6494
463 34303
463 7774
6494 34303
6494 7774
34303 7774
7774 86247
86247 162797
162797 123597
123597 38538
38538 444
5506 75629
5506 10988
5506 80360
5506 80358
5506 13563
5506 5526
75629 10988
75629 92999
10988 92999
80358 13563
5526 3781
3781 7391
3781 4427
3781 7396
3781 77
7391 4427
7391 5704
7391 77
7391 3566
4427 3903
4427 22761
4427 7394
4427 7396
4427 77
4427 3566
5704 5740
5740 6604
5740 13525
5740 5771
6604 6608
6604 6597
6604 13525
6604 62561
6604 6616
6604 6622
6608 6597
6608 13525
6608 62561
6608 6616
6608 6622
6597 13525
6597 6616
6597 6622
13525 98634
13525 62561
13525 8007
13525 6622
13525 86742
13525 13221
13525 29510
62561 8007
62561 13221
6616 6611
6616 6629
6616 6622
6611 22821
22821 22820
22821 268
22821 22818
22821 23023
22820 85435
22820 268
22820 22818
268 22818
23023 5079
5079 25
25 5080
25 5091
5080 3617
5091 28340
28340 72641
72641 3462
72641 58840
3462 41252
3462 35494
41252 94442
41252 35494
41252 58840
41252 15426
41252 2919
94442 35494
35494 58840
35494 15426
58840 15426
15426 27829
27829 5975
5975 4139
4139 34601
34601 22882
34601 40505
22882 40505
40505 4601
40505 22874
4601 18958
18958 40984
40984 98470
40984 74772
98470 74772
74772 71274
71274 2919
2919 67838
67838 52107
67838 5215
52107 6796
52107 5215
6796 6697
6697 10757
6697 77175
6697 4774
4998 78856
23929 120259
23929 35781
29611 120621
29611 120623
22874 66189
66189 49029
66189 102297
102297 73660
73660 45769
73660 49055
45769 63928
63928 49021
49021 59162
59162 48774
59162 49017
59162 49042
48774 39709
48774 89167
39709 49529
39709 4181
39709 53072
4181 74503
49017 136106
49017 89167
49017 136104
49017 49016
49017 98739
49017 49024
49017 73287
49017 49042
89167 46912
89167 53072
89167 98739
53072 136151
136151 136104
136104 49016
49016 98743
49016 49055
98739 122273
122273 95616
136144 136143
136143 133778
133778 49055
49055 49024
49055 49042
49055 4828
49024 73287
49024 49042
73287 135615
49042 23618
23618 14977
14977 8386
8386 13768
13768 47292
47292 36756
36756 22603
22603 27366
22603 27569
27366 87909
27366 142277
142277 159040
142277 77671
159040 77671
77671 26203
26203 32829
26203 28748
28748 10710
10710 65511
65511 48392
48392 118505
48392 7835
48392 66869
48392 39376
48392 48369
118505 48533
118505 27956
48533 48535
48533 18320
48535 18320
18320 52440
18320 52433
18320 109591
52440 58440
52440 43641
52440 58465
58440 43641
58440 39376
43641 58465
43641 39376
58465 58362
58362 52433
58362 27111
52433 27111
52433 66869
27111 7835
7835 66869
66869 26542
66869 39376
26542 52437
26542 27956
52437 27956
27956 39376
39376 109591
39376 52434
109591 52434
109591 48369
52434 48383
52434 48369
48383 2514
48383 48369
48383 46514
46514 1880
1880 7701
7701 74940
7701 24762
24762 31110
25572 10453
10453 43523
10453 4937
43523 4937
4937 3903
3903 22761
3903 7396
3903 3566
3903 36104
3903 74480
22761 51873
22761 456
22761 3566
456 38933
456 38948
456 38949
456 38939
456 350
38948 38949
350 5218
5218 8007
8007 86738
8007 86741
8007 10833
8007 86742
8007 13221
8007 29510
10833 92744
10833 83155
83155 82595
83155 6629
82595 6629
82595 6622
6629 6622
13221 29510
29510 73000
29510 7394
73000 149688
7394 7396
7394 77
7394 3566
7394 35070
7396 77
7396 7390
7396 3566
77 7390
77 3566
35070 119038
35070 80149
119038 179226
119038 80149
80149 28247
28247 127733
127733 81136
127733 42195
42195 73324
73324 3617
3617 4392
4392 4379
4379 34403
4379 318
34403 318
318 4398
4398 11786
11786 4063
4063 9757
9757 78141
78141 4828
78141 37426
78141 64075
4828 78153
4828 37426
4828 64075
78153 78073
78073 22712
22712 89510
89510 23321
23321 23324
23321 10943
23321 42413
23324 10943
23324 42413
10943 29559
29559 42413
29559 10936
29559 122749
42413 10936
122749 50447
122749 40932
50447 40932
40932 489
489 16735
16735 38124
16735 71418
38124 71418
71418 3299
3299 59514
3299 28006
59514 28006
28006 35387
35387 113474
35387 36412
35387 22203
113474 121008
121008 36412
36412 121011
36412 71417
121011 155230
121011 70493
155230 70493
70493 6397
6397 70499
70499 6406
6406 606
6406 6388
6406 6409
606 4830
606 6388
606 6409
4830 6388
6388 6614
6388 6409
6614 6409
12270 28357
28357 82878
82878 27460
27460 142832
142832 88166
88166 163612
88166 8658
8658 36937
36937 41584
36937 42946
36937 121685
36937 47279
36937 121687
36937 79229
121685 180009
79229 64193
64193 45090
45090 12875
12875 52418
52418 11768
11768 7635
7635 10757
10757 39270
39270 22203
22203 116363
22203 71417
71417 96577
71417 43152
43152 42508
42508 35900
35900 10957
10957 92891
92891 41680
92891 50480
41680 127115
41680 84344
41680 50480
41680 27126
41680 52554
41680 52538
84344 161886
50480 27126
50480 52536
50480 52538
27126 52554
27126 27404
27126 52538
52554 60179
52554 27404
52554 52538
52554 36203
60179 85705
60179 52536
85705 46052
85705 27404
27404 60149
27404 52538
60149 52536
52536 52538
52538 36203
36203 102249
102249 142200
142200 54068
54068 37426
37426 3595
3595 41435
3595 73202
3595 29455
3595 64075
3595 73209
41435 73202
29455 64075
64075 73209
73209 133703
73209 133707
73209 47534
73209 133704
133703 133707
133703 47534
133703 133702
133703 133704
133707 47534
133707 133704
47534 133702
47534 133704
47534 133705
47534 133701
47534 103202
133702 133704
133702 133705
133704 133705
103202 15544
15544 103201
15544 11640
11640 2914
11640 23747
23747 118090
23747 118665
23747 417
417 36069
36069 67066
23637 58671
58671 6785
6785 4626
4626 44663
4626 48184
4626 74366
44663 48184
44663 74366
48184 74366
74366 127444
127444 41922
41922 78668
78668 30690
30690 7599
7599 77166
7599 13536
7599 77175
7599 25957
77166 9788
77166 13536
9788 30928
30928 130523
30928 143119
130523 44878
130523 143119
143119 143118
143118 129302
129302 43417
43417 22833
22833 13536
13536 77175
13536 9438
77175 158774
9438 8732
8732 7434
8732 22266
7434 22266
22266 3093
3093 1279
1279 23238
23238 5311
5311 1517
5311 1074
5311 34955
1074 34955
1074 821
34955 21870
34955 38844
34955 118846
34955 821
34955 42898
21870 31975
21870 38844
38844 123900
821 49071
821 49068
42898 122913
122913 38230
38230 22713
22713 7233
22713 52765
22713 82079
7233 52765
52765 22794
52765 19525
52765 30845
52765 80878
52765 43635
22794 88325
22794 30846
88325 22698
22698 19525
19525 88824
19525 82079
19525 30846
19525 30845
88824 82079
88824 30845
82079 30846
82079 30845
30846 30845
43635 55758
55758 86976
55758 52871
55758 44773
52871 44773
44773 1211
1211 27490
27490 25542
27490 27394
27394 68838
68838 55851
68838 27569
55851 99619
55851 55842
55851 1273
99619 31328
99619 55842
99619 27569
31328 55843
31328 55842
55843 55842
55843 1273
55842 121502
55842 36841
55842 143958
55842 143959
55842 1273
55842 27569
121502 36841
36841 121503
1273 27449
1273 27569
27449 27569
6365 25957
25957 50558
50558 88510
88510 32584
88510 41658
32584 127087
32584 41658
127087 41658
127087 32717
41658 127088
32717 27290
27290 31324
31324 94687
31324 94686
31324 94691
31324 94693
94687 11585
94687 94686
94687 94691
94687 94696
94687 17114
11585 38334
11585 31164
11585 94686
11585 94691
11585 94688
11585 94696
11585 44238
11585 52886
11585 25747
11585 56136
11585 11606
11585 94694
11585 94693
11585 94690
11585 94695
11585 45003
31164 94686
31164 25747
31164 11606
31164 94694
31164 94695
31164 45003
94686 94691
94686 25747
94686 56136
94686 11606
94686 94693
94686 45003
94691 59799
94691 11606
94691 94693
59799 94688
59799 94696
94696 94693
94696 94690
94696 45003
52886 25747
25747 56136
25747 11606
56136 45003
11606 94694
11606 94770
11606 94690
11606 94768
11606 94767
11606 45003
94694 94695
94770 94693
94693 37662
94693 45003
37662 7260
94768 56137
94768 41375
94768 94767
56137 41375
56137 94767
45003 17114
17114 66783
17114 94764
17114 106689
17114 25407
66783 94764
94764 106689
94764 86878
94764 25407
25407 6434
6434 34353
34353 40850
40850 4244
4244 22950
4244 6807
22950 22979
22979 117133
117133 178644
117133 178643
117133 178642
117133 178645
6807 8136
8136 87
87 8123
8123 4249
4249 72648
4249 40924
72648 75153
40924 22948
22948 21858
22948 22947
22948 605
21858 115955
605 3363
3363 22155
87169 40673
40673 86732
40673 86734
40673 50866
86732 86734
86734 50866
50866 5215
5215 5196
5215 5207
5196 5207
5207 4715
4715 4774
4774 54253
54253 142382
142382 73579
73579 58033
58033 13363
13363 98438
98438 73863
73863 29684
29684 82808
82808 45193
82808 82809
45193 82809
82809 70081
70081 58339
58339 3021
3021 54973
3021 5771
3021 54600
54973 5771
5771 54600
54600 81685
54600 45870
45870 50459
50459 138049
