14
1 132
1 38
1 72
1 9
1 138
1 55
1 89
1 23
1 121
1 122
1 91
1 4
1 95
6827 10330
6827 1843
6827 4515
4 9
4 38
4 23
4 72
4 121
4 122
4 91
4 436
4 89
15702 2208
15702 17200
16390 22752
16390 17681
16390 5141
16390 18933
12296 1553
12296 19235
12296 12278
12296 1814
12296 12280
12296 12297
12296 11242
12296 11743
12296 6349
12296 4527
9 53
9 38
9 23
9 121
4108 16296
4108 6233
4108 18018
4108 2404
4108 11167
14 913
14 923
14 916
14 925
15 944
15 849
15 946
15 949
15 934
15 952
15 941
15 954
15 939
15 938
15 61
8208 497
8208 2164
8208 6022
8208 6087
8208 9447
8208 18076
8208 5885
8208 12045
12306 2147
12306 6564
12306 11750
12306 3258
12306 1805
12306 11213
6147 5873
6147 4515
6147 6148
6147 969
6147 11178
6147 5963
12308 26952
12308 4243
12308 26550
12308 4582
8214 996
8214 1540
8214 10273
23 38
23 121
23 1240
24 963
24 1238
24 1255
24 1257
24 1098
24 1258
8220 13386
8220 965
8220 1540
8220 12317
8220 1911
12317 13386
12317 6627
12317 396
12317 1174
31 976
31 722
31 86
31 792
31 43
31 1660
31 1662
16416 7952
16416 13379
16416 5028
16416 16425
16416 12200
16416 2137
16416 2973
16416 7694
16416 6653
16417 17377
16417 11170
16417 8363
16417 5508
16417 5409
16417 6154
16417 1867
16417 5551
16417 11155
16417 27220
16417 11159
16417 2260
34 754
34 1215
16421 18978
16421 16436
16421 18981
16421 5734
16421 21432
16421 17871
16421 2717
16421 1389
38 132
38 121
38 91
38 138
38 95
4135 424
4135 27716
4135 11871
8233 20768
8233 5809
8233 8215
8233 2336
8233 5447
43 96
43 1238
43 84
43 85
43 86
43 41
43 792
43 761
12333 5930
12333 4403
12333 398
12333 3038
8240 2056
8240 1474
8240 5028
8240 5944
8240 11690
8240 5437
8240 8542
12337 12338
12337 11518
12337 14072
12337 3226
12337 3038
12337 398
12338 2128
12338 5800
12338 6107
12338 2141
12338 398
16436 5730
16436 8595
16436 18981
16436 1389
16436 21432
16436 17871
16436 18978
16436 27603
53 72
53 89
8201 3625
8201 1204
8201 7189
8201 8542
8201 2839
16440 10293
16440 5254
16440 3976
16440 7082
16440 4619
16440 3637
6072 6064
6072 1745
6072 6071
7519 7195
61 2072
61 941
64 833
64 1395
64 1172
64 90
64 1516
64 813
16449 4640
16449 5776
16449 5795
16449 8277
16449 17080
16449 2425
16449 5677
8259 8448
8259 24148
8259 1769
8259 5642
8259 5867
8259 335
69 1096
69 1025
5473 5635
5473 337
5473 3907
72 4899
72 132
72 89
72 55
72 122
72 91
72 138
72 95
8265 6977
8265 3761
8265 20887
8265 6169
8265 6986
8265 6634
8265 8285
74 1395
74 1022
16463 913
16463 3090
16463 13028
41042 28480
41042 28481
41042 23959
41042 28488
41042 26940
41042 28504
41042 25727
84 770
84 5061
84 103
84 5065
84 5068
84 813
84 1169
84 5074
84 1907
84 116
84 1497
84 761
8277 1856
8277 14880
8277 7697
8277 2961
8277 17080
8277 9352
8277 199
8277 12140
8277 10984
8277 10114
86 85
86 1238
86 5097
86 1022
86 5103
12375 6914
12375 8118
12375 8215
12375 6168
12375 946
12375 13026
12375 3471
24664 7936
24664 14867
24664 13292
24664 13357
89 55
89 138
89 91
89 95
90 160
90 1698
90 5123
90 1172
90 833
90 616
90 761
90 733
90 813
91 55
91 138
91 436
8285 16210
8285 27220
8285 1845
8285 7498
8285 3852
8285 7234
8285 8286
8285 18703
8286 12240
8286 1734
8286 7957
95 132
95 436
16480 22672
16480 23185
16480 20020
16480 23959
16480 5482
16480 28480
97 2177
97 5203
97 115
97 5191
97 1240
97 5097
97 4823
97 5103
97 4543
12387 10697
12387 7106
12387 9811
12387 5579
12387 5503
4196 11944
4196 11416
4196 11979
4196 17774
4196 5407
4197 16096
4197 10114
4197 17875
4197 2005
4197 8621
4197 5576
4197 6121
4197 12140
4197 3549
4197 1981
102 1027
102 1125
102 103
102 1096
102 4491
102 5389
102 1359
102 1008
102 849
102 1020
102 1054
102 1311
103 96
103 116
103 1172
103 741
103 5393
103 85
103 5080
103 761
103 954
103 1532
103 5397
12392 5903
12392 4193
12392 403
12392 15192
12392 12393
12392 10506
12392 4859
12392 15180
12392 11213
12392 17102
12392 12397
12393 32530
12393 403
12393 15192
12393 13130
12393 15180
12393 10506
12393 5903
12397 3218
12397 403
12397 17102
12397 5254
8307 1801
8307 13090
8307 9157
8307 12210
116 833
116 6354
116 6350
116 4873
116 6344
116 6345
116 6347
116 6349
8309 4352
8309 2147
8309 5028
8309 963
8309 3179
8309 1597
8309 8542
8310 2016
8310 1910
8310 4584
8310 1337
8310 3130
8310 8798
8311 10336
8311 2210
8311 1194
8311 2287
4216 8646
4216 5478
4216 12615
4216 5448
4216 8457
4216 9149
4216 5522
4216 2934
4216 6166
4216 5752
4216 4281
4216 17914
4216 17917
4216 6053
121 122
122 55
122 138
122 3179
5482 28480
5482 20020
5482 23959
5482 28488
5482 8487
5482 28494
34837 36256
34837 18475
34837 18275
34837 18335
34837 18358
34837 18378
34837 18367
34837 18365
34837 7011
34837 18351
7927 4955
7927 1908
7927 1302
8321 7027
8321 7533
8321 1597
41090 18632
132 55
132 138
132 6392
6166 5699
6166 5957
6166 5478
6166 5448
6166 8457
6166 5522
6166 10902
6166 17917
6166 6194
6166 5752
6166 2934
6166 5498
6166 1752
6166 17914
6166 9149
6166 6053
5620 2129
5620 2051
5620 5525
5620 11809
5620 9491
5620 2234
5620 3975
5620 2219
5620 11715
13676 8529
13676 10173
13676 7606
13676 2361
138 55
8215 6168
8215 9091
8215 6184
8215 9209
8334 5568
8334 4337
8334 5730
8334 7172
8334 7656
8334 5802
8334 5885
2183 2712
2183 6034
2183 5539
2183 1492
2183 3896
2183 4506
2183 236
2183 1359
12432 26251
12432 17989
12432 11511
12432 12441
12432 26667
12432 7676
12432 12430
12432 26668
6168 6914
6168 4243
6168 965
6168 9209
4243 2147
4243 5563
4243 6653
6006 11160
6006 1476
6006 5508
6006 6310
6006 6415
150 1508
150 2748
150 934
6169 2336
6169 5730
6169 5509
6169 5655
6169 5500
6169 17854
12441 11505
12441 12452
12441 4823
12441 19257
12441 11511
12441 12430
16539 4665
16539 10162
16539 10158
12444 11505
12444 6354
12444 12452
12444 12430
12444 11494
12444 4871
12444 7656
12444 1516
12444 4862
160 2801
160 7590
160 616
160 761
160 6843
160 2748
160 733
160 1710
12449 5203
12449 12452
12449 12430
12449 11511
12449 12459
12449 11484
12449 4862
12449 11167
8354 8008
8354 7903
163 7704
163 7707
163 7706
163 3179
12452 5074
12452 11494
12452 11511
12452 11505
12452 4701
12452 3401
8358 1815
8358 13379
8358 6087
8358 6012
8358 3271
8358 19900
8358 2013
8362 2144
8362 2902
8362 9205
8362 17526
8362 17578
8362 6942
16555 20096
16555 8529
16555 13395
16555 10181
16555 10177
16555 13480
16555 10185
16555 9754
173 5873
173 1475
173 4636
173 934
8366 8514
8366 6347
8366 4463
8366 17931
8366 6051
8366 11053
175 7741
175 5699
175 637
175 8149
175 3471
8368 5097
8368 22947
8368 22918
8368 8495
8369 12672
8369 4340
8369 12675
8369 27716
8369 11167
8371 17888
8371 17313
8371 2108
8371 2393
8372 4386
8372 3106
8372 14494
8372 335
4277 10912
4277 17521
4277 7764
4277 2138
4277 6203
4277 7645
19919 1872
19919 3201
19919 1844
19919 3226
19919 2025
19919 2218
19919 1963
19919 2234
19919 1853
184 2081
184 6415
184 1807
4281 6018
4281 8502
4281 3494
4281 8646
4281 12615
4281 2440
4281 1703
4281 4226
4281 11261
4281 2934
4281 3769
4281 3869
4281 5765
186 4352
22238 2896
22238 23713
22238 22194
22238 22179
22238 23716
22238 24981
22238 23715
22238 9000
22238 6043
22238 25964
22238 22255
8385 1931
8385 8399
8385 6815
8386 4640
8386 5809
8386 13051
8386 7896
8386 5963
8386 9352
8386 10912
8386 2492
8386 3069
8387 7681
8387 6898
8387 1883
8387 7718
15316 7713
15316 2882
15316 15319
15316 15322
15316 11404
15316 25885
15316 15326
15316 15325
197 833
197 8682
197 860
197 1162
197 1270
6144 3401
6144 10330
6144 765
6144 2194
6144 887
199 2292
8393 22416
8393 37553
8393 10643
8393 26660
8393 22918
8393 22209
8393 21531
8226 1365
8226 9853
8399 24992
8399 2233
19832 11760
19832 5516
19832 11754
19832 11771
19832 5836
19832 11757
19832 17583
8404 12115
8404 6781
13006 7712
13006 6018
13006 21315
13006 9364
13006 501
13006 2194
13006 11477
9003 578
9003 4805
9003 7910
9003 4811
9003 12044
9003 1469
9003 17989
9003 10325
3449 13768
3449 6627
3449 7741
3449 6981
216 5568
216 1697
216 6784
216 613
26660 14417
26660 30757
26660 37591
26660 3050
26660 37565
26660 23710
6057 5800
6057 17361
6057 6716
6057 23613
6057 351
8413 1532
8413 6589
222 8897
222 7267
222 9364
222 6417
222 9352
222 747
8415 37632
8415 37553
8415 21531
8415 21526
8415 5226
8415 7963
8415 16364
20704 11001
20704 13846
20705 5425
20705 12690
20705 11686
20705 12902
20705 12903
20705 5080
20705 3666
2326 578
2326 2436
2326 5630
2326 2046
2326 12045
12515 17938
12515 5303
12515 16313
12515 8042
12515 5915
12515 3212
12515 9295
8420 20176
8420 22115
8420 14388
8420 10167
8420 13609
8420 13532
12518 2073
12518 17938
12518 5565
12518 3006
12518 2541
24807 21688
24807 38112
24807 38111
235 2440
235 619
235 493
235 5621
236 9667
236 2459
33005 20768
33005 6109
33005 14071
241 6723
241 6462
16626 20014
28916 16802
28916 8075
28916 7957
28916 6070
28916 16807
246 2985
246 7706
246 260
246 9855
41 792
41 761
41 770
4344 13371
4344 1883
4344 15549
12537 17604
12537 5509
12537 11302
12537 7633
12537 11303
12537 17613
12537 17518
12537 9200
12537 17521
12537 3827
12537 9205
12537 17530
12537 12539
28922 12240
28922 29034
28922 16067
28922 8059
251 6498
251 319
4348 2624
4348 1716
4348 2790
4348 8535
4348 6681
4348 4475
4348 1662
4348 6943
8448 26952
8448 10336
8448 2108
8448 2197
4353 328
18475 36256
18475 18369
18475 18275
18475 18335
18475 18278
18475 7585
18475 18345
18475 18474
18475 18375
18475 18351
18475 18258
18475 18358
18475 8535
18475 18281
18475 18378
18475 18334
18475 18365
260 10289
260 10290
260 10293
260 6526
261 10306
261 291
261 284
261 3719
8454 16106
8454 8550
8457 5478
8457 5448
8457 9149
8457 5649
8457 5522
8457 5498
8457 17913
8457 5752
8457 9177
8457 17914
8457 17917
24842 8696
24842 12714
24842 7723
24842 7684
24842 5310
727 745
727 722
727 732
269 3752
269 4193
269 420
269 2292
269 7741
5507 10752
5507 514
5507 6326
5507 463
5507 7309
5507 3602
5507 5757
14382 10185
14382 22115
278 1992
278 2225
278 2404
278 7681
278 7697
279 10481
279 3106
4377 12986
4377 501
4377 468
4377 493
4377 11477
20762 10648
284 3625
284 3090
284 1903
6603 3809
6603 578
6603 5786
6603 3750
8479 6760
8479 5587
8479 5685
20768 9091
20768 30996
20768 19205
20768 9543
20768 24079
20768 31003
20768 15364
20768 5307
290 10721
290 3834
290 10373
291 1584
291 10728
291 5635
291 7286
291 3719
291 2440
291 2229
291 424
5510 2492
5510 6046
5510 6846
5510 11053
294 417
294 335
294 3580
294 6181
294 6029
8487 25952
8487 25953
8487 28500
8487 23958
8487 28481
8487 8008
8487 37817
8487 28488
8487 28494
20776 11346
20776 1765
20776 8526
4828 4592
4828 5008
4828 4827
12589 5800
12589 4860
12589 5445
12589 5397
8494 5700
8494 1365
8494 3590
8494 4087
8494 5640
8494 2634
8494 2973
8494 7645
8495 22949
8495 22952
8495 22924
8495 27182
8495 23613
8495 22930
8495 22934
8495 23319
8495 23323
8495 14780
8495 14781
8497 5536
8497 11757
8497 4619
8497 11764
8497 1945
8497 11754
8497 11755
8497 5836
8497 3181
8497 11759
306 2768
306 2897
306 1154
306 5411
306 5460
306 7834
306 5928
306 7226
306 1752
306 6890
4403 12986
4403 498
4403 11477
8500 2072
8500 7636
8500 3494
8502 12675
8502 2404
8502 5751
8502 1723
8502 12140
8502 9486
311 8008
311 1769
311 11001
311 11004
311 5425
12600 21928
313 3152
313 7590
313 6681
313 1803
313 8892
313 7518
12602 4865
12602 4802
12602 4852
12602 4853
12602 4806
12602 11242
12602 4845
315 960
315 6472
315 4899
315 6787
315 6526
8603 14071
12606 7814
12606 2961
12606 8042
12606 25707
12606 2094
12606 3217
12606 5298
12606 18142
12606 2137
12606 5080
12606 6233
12606 14650
12606 4956
12606 5368
12606 5758
319 6498
8514 4423
8514 5500
8514 12837
8514 17854
28995 17776
28995 28472
28995 16067
28995 26517
4423 5848
4423 10375
4423 11303
328 11178
328 9811
328 8646
328 4798
329 2360
329 5554
329 2770
4426 4456
4426 7146
4426 6938
4426 4582
4426 19109
55 2373
55 607
12620 4193
12620 11491
12620 6326
12620 9622
12620 3945
12620 16312
12620 16313
12620 2122
12620 10988
12620 4877
12620 5989
1784 1834
1784 20599
8526 15315
8526 12228
8526 12902
8526 9447
8526 14862
335 11269
335 2073
335 8012
8529 8434
8529 13494
8529 13542
8529 8985
8529 14363
4435 17361
4435 813
4435 733
4435 4661
6116 7234
6116 6963
6116 11962
16725 13754
16725 14658
16725 2093
24919 7707
24919 13332
24919 18142
8536 23709
20828 11760
20828 10401
20828 11764
20828 8671
20828 5068
20828 11759
20828 5516
20828 11771
20828 5836
20828 11757
20828 11775
16734 13754
351 11424
351 10130
351 2162
352 9352
352 3012
352 5464
352 5788
352 5630
352 11455
12645 12072
12645 1354
12645 9412
12645 11109
12645 2807
8550 16106
8550 2858
8550 6046
4456 7146
4456 19109
6204 4856
6204 3106
6204 3563
6204 1050
6204 8789
29034 16067
29034 31330
29034 3901
4459 4448
4459 2721
4459 6083
4459 1333
4459 12934
4459 19848
4460 7645
4460 1063
4462 5936
4462 2595
4462 916
4462 1157
4462 10634
4462 13371
4462 2748
4463 3444
4463 6725
4463 4844
4463 3310
4463 19967
4464 2194
4464 484
4464 11494
8561 3691
8561 497
8561 17931
8561 4582
8561 5915
8561 5551
12662 1497
12662 18018
12662 1660
12662 431
379 6758
379 11865
379 11871
379 9020
379 11869
379 11870
379 6815
8573 5760
8573 11089
8573 10130
8573 5807
8573 1991
8573 2441
8573 4011
8573 8621
8573 2751
12672 12675
12672 1412
12672 4340
12672 4507
12672 7643
12672 2287
4481 1922
4481 8797
4481 2461
12675 5667
12675 4340
12675 7643
12675 12140
8580 6906
8580 726
8581 7728
8581 6582
8581 1814
8581 6092
8581 7085
8581 12285
12353 6083
12353 11477
12353 12986
12353 493
12353 5262
12353 501
4844 4641
4844 2372
4844 6725
4844 5848
4844 11416
4844 19967
4491 944
4491 1089
4491 1238
4491 741
4491 763
4491 1125
396 12321
396 8978
396 9091
396 10520
396 12322
396 7260
396 3314
398 7712
398 497
398 5800
398 5799
398 2128
398 5618
398 500
398 5621
398 1910
398 5879
398 2292
398 507
4845 4802
4845 835
4845 11220
4845 4837
4845 5370
7313 3600
7313 1954
7313 2163
7313 659
7313 10840
7313 1986
12689 14328
12689 4805
12689 7175
12689 12200
12689 5370
12689 3258
12689 894
12690 7234
12690 1769
12690 11686
12690 5425
8595 18978
8595 613
8595 21432
8595 1389
8595 2717
16789 7187
16789 6022
16789 11737
16789 6716
16789 8621
16789 9086
8598 17481
8598 7707
8598 7255
20887 2000
20887 6977
20887 6947
20887 6581
20887 6938
4506 6194
4507 7320
4507 7643
4507 1455
4510 13120
4510 1745
4510 10899
4510 11254
4510 12118
4510 11809
4510 11800
4510 3575
4510 12126
16799 17979
16799 13028
16799 2069
16799 20422
16799 3655
16799 5512
16799 10660
16799 23210
16799 7611
16799 4252
16799 7980
24992 22257
24992 22255
24992 22247
417 3896
417 1755
417 6158
417 6181
16802 2144
16802 7498
16802 8075
16802 2093
4515 10907
4515 10691
4515 12639
420 4193
420 10406
420 3752
420 11081
420 1660
424 12627
424 3976
424 2137
424 6107
16809 19381
16809 28918
16809 18855
16809 23593
16809 7546
16809 6070
12714 436
8621 11089
8621 6121
8621 17521
8621 2393
8621 1981
8621 6158
8621 2005
33198 7938
33198 16067
33198 26517
33198 19676
33198 7179
33198 8700
33198 8139
16815 14256
16815 5700
434 2961
434 467
434 11078
434 5512
434 4873
434 6223
16820 3112
16820 3059
16820 8639
16825 10944
16825 18612
16825 2501
16825 2135
16825 1961
16825 2779
16825 10492
16825 15673
16825 13774
16825 2013
23967 15299
23967 7903
8636 5795
8636 3271
8639 3527
8639 2807
8639 1916
8639 765
8639 1807
8646 3750
8646 12615
8646 6107
8646 3982
4551 944
4551 1336
4551 1004
4551 14862
4551 1545
2061 10634
2061 2847
463 1616
463 514
463 501
463 1270
463 5757
463 7309
6904 9157
466 12837
466 5509
467 12848
467 12849
467 12853
467 2938
467 5452
467 8701
468 1698
468 1219
468 934
469 5256
469 12883
469 2372
8663 1354
8663 11420
8663 4454
8663 11406
16106 1410
16106 4871
16106 13144
16106 2057
16106 906
16106 4646
16106 1516
16106 894
476 616
476 1529
476 1532
476 1526
476 1556
8671 11760
8671 1572
8671 1945
8671 11768
8671 11769
8671 11754
8671 8847
11869 14880
11869 808
11869 3314
11869 10375
11869 5848
11869 2159
11869 7309
11869 12094
11869 2911
13051 10912
13051 10691
13051 813
13051 5963
13051 5677
13051 4879
484 10656
484 5283
484 1716
484 1592
484 5264
484 5275
484 5082
484 1327
7590 15168
7590 7218
7590 2373
7590 923
16 960
16 976
16 963
16 549
16 969
16 965
14417 37632
14417 37565
14417 22255
4584 1194
4584 4676
4584 3218
4585 2193
4585 5275
4585 5283
8682 3321
8682 1050
8682 1459
4587 10605
493 976
493 11477
493 12986
20974 20993
20974 20994
20974 20995
20974 20991
20974 20783
20974 20976
20974 20977
20974 20979
20974 20983
20974 20984
20974 6874
20974 20975
20974 20989
20974 20987
20975 20993
20975 20994
20975 20995
20975 20991
20975 2762
20975 20783
20975 20976
20975 20977
20975 20979
20975 20983
20975 20984
20975 6874
20975 34587
20975 20989
20975 20987
4592 5008
4592 5080
4592 12548
4592 2549
4592 5848
4592 6010
4592 4827
4592 12072
8689 4454
8689 6815
498 1584
498 497
498 2292
498 6326
498 11686
498 11081
498 507
20979 20993
20979 20994
20979 20995
20979 20991
20979 20783
20979 20976
20979 20977
20979 20983
20979 20984
20979 6874
20979 34587
20979 20989
20979 20987
500 13120
500 3304
500 3314
500 13111
501 976
501 11477
501 1616
501 4619
20983 20993
20983 20994
20983 20995
20983 20783
20983 20976
20983 20977
20983 20991
20983 20984
20983 6874
20983 34587
20983 20989
20983 20987
8696 5090
8696 1845
8697 12097
8697 10114
8697 1355
8697 5848
8697 3691
8697 5618
4602 10571
4602 4798
4602 3563
507 497
507 5674
507 4873
507 13144
507 11081
507 3146
507 5618
507 5562
8700 12240
8700 2366
8700 10771
8700 17774
8700 11979
8700 7179
8700 17772
8701 12848
8701 12849
8701 12853
8701 5414
8701 5675
8701 5854
8701 4661
6018 1270
6018 11346
6018 21619
6018 8981
6018 22211
6018 11416
6018 3574
6018 15611
85 96
85 5090
85 5078
85 5080
85 5082
4608 5011
4608 996
4608 6392
4608 5915
4608 12045
4608 5587
4608 5903
4609 9811
4609 5702
514 5757
514 3602
514 7309
514 749
20995 20993
20995 20994
20995 20987
20995 20783
20995 20976
20995 20977
20995 20984
20995 6874
20995 34587
20995 20989
20995 20991
4619 1312
4619 1491
4619 13038
22931 23312
22931 4081
22931 23319
22931 22919
22931 22949
22931 22934
22931 4039
22931 23610
22931 27190
22931 14781
22931 27182
527 4899
527 549
5305 6088
5305 2162
5305 12627
5305 8117
5305 5800
5305 5802
5305 11266
8723 6937
8723 6894
8723 4054
8723 6599
8724 6678
6233 5760
6233 5776
6233 4386
6233 15315
6233 2961
6233 3322
6233 5618
25113 25952
25113 28480
25113 20020
25113 23958
25113 23959
25113 28488
25113 28500
25113 28494
5551 3600
5551 11170
5551 11155
5551 2260
5551 11160
5551 5508
5551 1867
5551 14525
5551 11159
4636 5568
4636 12321
4636 2293
4636 5414
4636 14880
4636 4856
4636 894
4636 4645
10330 1843
10330 6958
10330 3401
10330 17102
19205 27904
19205 5141
19205 10776
19205 29022
19205 24079
4640 10912
4640 11220
4640 7633
4640 5090
4641 10273
4641 12883
4641 1588
4641 11109
4641 5256
4641 11801
4641 5349
12834 6008
12834 1154
12834 11416
12834 5082
12834 6139
12834 2108
12834 5583
12837 9812
12837 16324
12837 5730
550 6816
550 2920
550 7272
550 6473
550 11643
550 7261
7601 13297
7601 2823
552 1508
552 2622
555 9952
555 994
557 7210
557 7023
557 7218
557 3471
41518 36256
41518 18369
41518 18258
41518 18275
41518 18372
41518 18335
41518 18375
41518 18474
41518 17979
41518 18365
41518 18351
12848 17361
12848 3922
12848 12853
12848 2393
12849 17518
12849 12853
12853 4661
12853 5452
12853 5854
25145 27025
25145 11683
25145 26550
25145 26987
25145 26988
25145 27083
4666 6152
4666 5699
4666 9149
5557 8992
5557 9552
5557 14514
5557 10660
5557 3002
5557 5628
5557 12893
8768 7072
96 1169
96 5090
96 5080
96 813
578 5808
578 4899
578 3910
578 9447
578 12282
578 2462
4675 5472
4675 6036
4675 5630
4675 3880
4675 2057
4675 4862
580 6905
580 2727
4193 10406
4193 1660
4193 1867
4193 1436
40664 26994
40664 26980
40664 26415
7521 2360
7521 9540
7521 12072
7521 16425
7521 1354
7521 10876
7521 7533
6430 5579
8787 8066
8787 8789
8787 7081
8787 8810
8787 7084
8787 8797
8787 8798
8789 7187
8789 2084
8789 2069
8789 2008
8789 7087
8789 6029
8789 1407
12887 2128
12887 1730
12887 15673
12887 954
12887 3197
12887 6046
12887 5042
601 5873
601 2625
601 1825
601 3112
601 10907
601 5215
12893 9552
12893 15315
12893 10660
12893 21928
12893 2762
12893 17979
12893 5628
12893 3002
8798 7081
8798 8810
8798 7083
8798 7087
4704 12896
4704 1553
4704 4790
4704 1545
4704 1098
4704 30239
4704 5354
4704 3455
8802 7072
8802 1337
8802 5458
8802 7084
8802 7087
8804 7137
8804 10518
613 627
613 630
613 618
613 619
12902 17664
12902 12903
12902 21928
12902 5785
12902 25707
12903 21928
12903 9667
12903 2046
616 1907
616 7621
616 1222
616 1529
41577 35000
41577 28481
41577 28482
41577 28504
41577 23958
8810 2293
8810 1337
8810 7081
8810 3130
8810 7084
16487 10589
16487 13582
5565 5944
5565 11281
5565 3752
5565 5790
18979 21432
18979 18981
18979 1389
627 10664
627 618
627 619
627 630
629 3178
629 4964
630 618
630 619
7764 2768
7764 1459
7764 9602
7764 7187
7764 6539
7764 2332
7764 8978
7764 1475
7751 3563
7751 5995
7751 8028
7751 3269
7751 7287
637 3163
637 2060
2067 12639
2067 2059
2067 14917
2067 2550
2067 2365
12934 2833
12934 3201
12934 7195
12934 19900
12934 4475
21128 5298
21128 12278
21128 1814
21128 12210
21128 12297
21128 12044
21128 12285
21128 7085
8841 2233
8841 3655
8841 6083
8841 1974
8841 1337
14872 14899
27027 27010
27027 27059
27027 26980
27027 27030
27027 26966
27027 26985
27027 18494
27027 27035
27027 8988
27027 10638
8847 11760
8847 5739
8847 5836
8847 11769
8847 10633
8847 5787
8847 5068
1475 1016
1475 11281
1475 11715
12297 12280
12297 6034
12297 4527
12297 12278
12297 1553
12297 3258
12297 12285
12297 7085
431 5393
431 5502
5572 5610
5572 4527
4764 4352
4764 4876
4764 2372
4764 4701
4769 1536
4769 1553
4769 1522
4769 1512
4769 1513
4769 5242
4769 1518
7251 1856
7251 2001
7251 2069
7251 2779
7251 7406
7251 2383
8873 9855
8873 9746
8873 9853
8873 9861
8873 7837
26055 20848
26055 3803
26055 7140
26055 3590
8881 11554
8881 8884
115 5008
115 2177
115 5011
115 2634
115 4823
115 1311
8884 9130
8884 6843
8884 10306
4790 1553
4790 1537
4790 5352
4790 12896
4790 5354
4790 5242
4790 1581
4791 5078
4791 5352
4791 5369
4791 4876
4791 4701
4791 5358
17080 5691
17080 4337
17080 6088
17080 1355
17080 11261
17080 3502
4793 6170
12986 976
12986 11477
699 15549
699 8622
699 3199
700 2737
700 5554
700 771
700 5028
700 1805
700 1880
700 3179
700 9602
700 3199
37565 37632
37565 23710
37565 37591
4798 5795
4798 11214
4798 2327
22255 9296
22255 23716
22255 30757
22255 27719
22255 9000
22255 25964
22255 22252
22255 22416
22255 22194
22255 9107
22255 24981
22255 21526
22255 22264
22255 5310
12992 14593
12992 3106
12992 14628
12992 14597
12992 14600
12992 14602
12992 14603
12992 14604
12992 11053
12992 32530
12992 14617
12992 14620
8897 6419
8897 7206
8897 6406
8897 2699
8897 7837
5579 12065
5579 9177
5579 11837
5579 5583
4805 4964
4805 17989
4805 7175
4805 12200
4806 6958
4806 1479
20599 1744
20599 2274
4812 22672
4812 28480
4812 28482
4812 28100
4812 4814
4814 4425
4814 4859
4814 1479
722 1594
722 1255
4819 5103
4819 4853
4819 4695
14345 10369
14345 3684
14345 1734
14345 14327
14345 4856
14345 1161
14345 5370
14345 7727
14345 2625
13774 10944
13774 6435
13774 2779
13774 2135
13774 2355
13774 1883
13774 6539
13774 10492
13774 18703
726 9177
726 3130
726 2260
37591 22272
37591 9107
37591 23715
37591 22211
37591 29727
37591 25964
37591 23709
37591 23710
729 2624
729 6960
729 10979
729 10648
729 7272
729 765
729 1887
4827 2372
4827 10655
732 745
733 1336
733 10984
13025 26968
13025 13796
13025 2989
13026 23910
13026 6890
13026 3055
13026 749
13026 15693
37603 13177
13028 3090
13028 9823
741 792
741 938
741 1446
7633 10912
7633 5715
7633 3910
7633 7814
7633 3809
7633 9352
7633 2492
7633 5677
4840 5029
4840 4852
4840 4862
4840 7814
4840 19257
4840 5812
4840 11167
4840 9412
4840 12895
745 12226
745 765
745 9798
747 5472
747 10481
747 7221
747 6088
747 1354
747 7376
747 4856
747 11406
748 860
748 925
748 1157
749 1169
749 4676
749 1077
749 2137
749 2441
749 15693
749 5029
13038 2178
13038 27220
13038 2122
13038 2210
13038 2287
808 10697
808 10375
808 885
4851 5840
4851 901
4851 14327
4851 14328
4851 4425
4851 7111
4851 4876
4851 4037
4852 2625
4852 12210
4852 3910
4852 11242
4852 1455
4852 11420
4852 4877
8949 1616
8949 2138
4856 14336
4856 6055
4856 17917
761 792
761 1002
4858 5808
4858 14617
4858 5082
4858 16425
763 1089
763 6758
763 1807
4860 11216
4860 5445
4860 6088
4860 5691
4860 11261
765 7728
765 773
4862 6354
4862 1204
4862 12459
4862 6347
4862 11484
4862 12430
37632 23713
37632 29727
37632 23709
4865 16144
4865 5061
4865 16303
4865 4859
4865 4037
771 4899
771 3179
772 3152
772 2625
772 1734
772 1798
772 14327
772 14334
772 7727
773 7229
773 6022
773 3527
8966 5548
8966 21526
8966 2751
2177 3078
2177 14257
2177 5097
2177 5103
4873 6345
4873 12459
4873 6354
4873 6350
4876 5080
4876 5283
4876 5078
4876 14328
4876 5370
4876 1581
4877 1312
4877 10369
4877 3945
4877 16312
4877 16313
4877 2436
4877 10988
4877 8042
4877 12462
8974 12200
8974 6010
8974 939
8974 6012
4879 7082
4879 1395
4879 6350
5618 1327
5618 5567
8978 19136
8978 3505
8978 1459
8978 2436
8978 3252
8978 5275
8978 12140
8981 2900
8981 3574
14620 14624
14620 14597
14620 14625
14620 14600
14620 14602
14620 14593
14620 14604
8988 27010
8988 26980
8988 27013
8988 27048
8988 21803
8988 21804
8988 27025
8988 26994
8988 18390
8988 24152
8988 23773
8988 35967
8991 7963
8991 25964
8991 22203
8991 22211
8991 22247
8992 9552
8992 14514
8992 10660
8992 6406
8992 5628
8992 7980
8992 2108
13090 5788
13090 5508
13090 2137
13090 5800
13090 11065
13090 1867
13090 11155
8892 6472
8892 1803
8892 1302
14899 14880
14899 12548
8998 19697
8998 24403
8998 22211
8998 21527
8998 9000
8998 22252
8998 22218
8998 9107
8998 5758
9000 22224
9000 22264
9000 29727
9000 22252
9000 23709
810 1054
21291 13396
21291 31092
21291 11540
813 833
813 1169
7645 2144
7645 2243
7645 4054
7645 3975
17200 2208
17200 11641
17200 9157
17200 1989
13111 13120
13111 1744
13111 2274
13111 17703
13111 1258
13111 5393
9018 9364
9018 6758
9020 9045
9020 6758
9020 2231
9020 2712
9020 11865
9020 6154
9020 1755
9020 3055
13120 1744
13120 5393
13120 3566
13120 17703
13120 1258
13120 5630
833 1395
833 934
833 860
21315 11938
21315 22614
21315 10087
21315 2008
21315 2059
21315 30239
30443 22209
30443 22194
30443 22179
30443 22257
30443 19697
30443 23709
13130 1455
13130 2625
844 6345
844 4859
844 4871
4941 7952
4941 7442
4941 9540
4941 2328
4941 27716
4941 7614
9038 11865
9038 1755
9038 5871
847 1089
847 939
847 5539
849 1172
849 1094
849 1096
849 1311
849 1020
849 1054
849 1359
9043 10840
9043 11800
9043 1420
9043 12120
9044 10200
9044 22115
16526 9952
16526 20096
16526 13442
16526 13540
16526 7434
16526 13469
23353 23362
23353 11331
23353 3076
23353 26117
23353 26118
23353 23367
23353 26856
23353 23372
23353 26850
23353 14867
23353 23383
23353 23391
23353 26140
23353 26143
13144 3896
13144 5052
13144 5586
857 4392
857 842
857 1402
4955 7496
4955 3506
4955 996
4955 10664
4955 5444
860 10336
860 4676
860 6113
860 5097
860 1162
860 5583
860 1825
860 2292
860 5526
860 1723
860 925
15845 27336
15845 18169
15845 7924
4964 5808
4964 2425
4964 5802
4964 4811
4964 1116
4964 6142
11750 11216
11750 5061
11750 3258
11750 4859
11750 11213
11750 11246
11750 7173
9062 13496
9062 7001
9062 7381
877 1690
877 16324
877 1814
877 1880
877 2938
877 11468
877 842
6973 6473
6973 10095
6973 1532
6973 7286
6973 6503
9076 22264
9076 22213
885 6350
885 2334
885 10375
885 3401
885 2122
885 16348
885 894
887 1409
887 1035
887 16195
887 16364
13177 11424
13177 15375
13177 2827
13177 7621
21370 31969
21370 11730
21370 1843
21370 32820
21370 11829
21370 11847
21370 20393
21370 28172
21370 13135
9086 1730
9086 6758
9086 8059
9086 5778
9086 7957
1532 5393
1532 1570
1532 1529
1532 5080
1532 1545
1532 11743
21378 7507
21378 2292
21378 1845
21378 5303
21378 10660
21378 2218
21378 7727
9091 2338
9091 11269
9091 6758
9091 5419
9091 15693
9091 17361
9091 5397
9091 23910
9091 15673
901 835
901 5283
906 16108
906 6354
906 4871
23362 26850
23362 23399
23362 26857
23362 23372
23362 26140
23362 26143
5008 12278
5008 7910
5008 5097
5008 6010
5008 5011
5008 5103
913 2081
913 5559
913 3580
913 6815
25490 15673
9107 22272
9107 37553
9107 22194
9107 2896
9107 22209
9107 22203
9107 22253
916 994
916 1801
916 1002
916 5867
916 1311
7662 10336
7662 7106
7662 5715
7662 16312
7662 7980
7662 2414
7662 11455
5015 9754
5015 1723
5015 5028
5015 5885
5015 5042
923 7206
923 7694
923 2373
7747 5667
17311 27076
17311 10776
17311 10571
17311 26988
17311 18494
17311 35967
17313 17888
17313 17329
17313 2197
17313 2108
17313 11455
28500 23185
28500 28504
28500 23959
28500 18632
28500 28494
28500 25953
5028 5042
5028 2595
5028 21464
5028 1469
5028 1102
5029 2051
5029 5464
5029 5539
5029 17875
934 4676
934 1825
25511 20176
25511 10164
25511 2868
25511 9767
4252 11938
4252 5512
4252 23210
4252 7611
4252 7980
9130 4665
9130 6824
9130 6905
9130 7229
9130 6142
9130 6143
939 1907
939 2755
3880 28172
3880 2541
3880 5655
941 1025
941 1907
9134 1810
9134 9758
9134 9855
944 1056
944 1008
944 1336
944 1020
17329 6223
17329 2108
17329 11455
946 2811
946 6981
946 10702
13237 7617
13237 2156
1508 2770
1508 2748
1508 2828
1508 6428
7533 8608
7533 954
952 6036
952 3073
952 7498
952 16892
37817 23210
37817 23958
954 5867
954 6038
954 2057
954 6635
5052 1409
5052 5586
5052 4037
5052 17430
5052 5393
5052 1102
842 1880
842 2938
960 6784
960 1803
960 13430
960 963
960 6906
960 7406
9155 5936
9155 3217
9155 7106
9155 9157
9155 11160
9155 3691
9157 7137
9157 1959
9157 6012
9157 1459
14497 7712
14497 1601
14497 3630
14497 6349
14497 5454
969 549
5068 11776
5068 11755
5068 5739
5068 11771
5068 7727
5068 5787
5068 5836
5068 11764
22264 22179
22264 24981
22264 29727
22264 23716
22264 24403
22264 27643
21455 27290
21455 1855
976 10752
976 6083
976 11477
976 5191
976 5879
17361 1333
17361 8363
17361 5685
5074 5813
5074 4646
5074 11455
14334 14336
14334 6345
14334 2625
5078 5364
5078 5369
5078 5242
5078 5277
17913 5649
17913 5522
17913 5478
17913 9177
17913 5448
17913 5498
17913 9149
17913 7416
5080 5090
5080 9667
5080 5903
5080 5298
5080 4340
5080 1655
5080 5368
5080 5082
9177 5699
9177 5685
9177 5546
5082 1728
5082 5283
5082 1655
5082 5011
5082 5090
5082 5262
13135 31969
13135 11730
13135 6291
13135 32820
13135 11829
13135 11843
13135 11847
13135 28172
10944 1856
10944 2001
10944 18703
10944 2021
10944 1768
10944 1961
10944 2779
10944 10492
10944 12127
9853 7704
9853 6555
992 994
17377 1412
17377 4837
17377 1476
17377 5809
994 1025
994 1907
994 1008
994 1017
994 1022
996 3106
996 1436
996 5903
6310 10401
6310 5508
6310 3081
6310 2260
6310 6154
6310 1867
6310 1476
6310 2279
3852 4661
11089 1697
11089 7980
11089 6203
11089 5548
11089 5757
5097 10790
5097 1752
5097 5103
5097 7023
1002 811
1004 2770
1004 2366
1004 5733
1004 6566
5103 5844
9200 17531
9200 9205
9200 1798
9200 11303
9200 11302
9200 2847
13297 13292
13297 14238
13297 2823
1011 1168
1011 1314
1011 1156
1011 1215
13300 7607
13300 2823
9205 5728
9205 17633
9205 17531
9205 17604
9205 17543
9205 17579
9205 17518
9205 17520
9205 9207
9205 17561
9205 11289
9205 17530
9205 12539
9207 5728
9207 11307
9207 11302
9207 17521
9207 17579
9207 11289
9207 17553
9207 5524
9207 12246
9207 17561
9207 11303
9207 12539
9207 2847
1016 2064
1016 1446
1016 1063
1016 1402
1016 1359
1016 1098
1016 1341
1017 1156
19967 2755
19967 6725
1020 1028
1020 1094
1020 5760
1020 1359
9214 17531
9214 17526
9214 1798
9214 17561
9214 17530
9214 11307
9045 10465
9045 12094
9045 11865
1025 1028
1026 12430
12459 12430
12459 5358
12459 12735
1028 1056
1028 1094
1028 1073
1028 1355
1035 1395
1035 1341
1035 1311
9229 17521
9229 17531
9229 2902
9229 17633
9229 17530
9229 12539
9229 17543
15192 5680
15192 10506
15192 15180
15192 28525
15192 5903
13332 13299
13332 9837
13332 13357
5141 5922
5141 27299
5141 1204
5141 15319
5141 2634
5141 19691
5141 11346
5141 15317
17430 2372
17430 2094
17430 15400
17430 27182
17430 1102
21527 24403
21527 22183
1540 2865
1540 6627
1540 965
1540 1911
1540 1388
1050 2338
1050 9364
1050 7221
1050 6038
1050 2057
1050 1662
1050 8117
8367 9296
8367 6417
8367 23715
8367 23716
8367 22209
17436 15360
17436 15364
17436 6589
17436 9543
1054 5539
1054 5944
1054 1995
29727 28040
29727 25964
29727 23709
29727 22272
1056 1359
10416 13529
10416 13492
1059 1089
1059 1698
1059 1172
1059 2441
9252 18369
9252 7011
9252 18372
9252 18375
9252 18281
9252 18378
9252 2631
9252 18351
9252 10721
9252 18358
9252 8535
9252 17979
9252 5758
9252 18335
1063 9811
1063 1446
1063 1402
1063 1341
4956 337
4956 17938
4956 3907
4956 2564
4956 4837
4956 5303
13357 14867
13357 26117
13357 7607
13357 3076
13357 23367
13357 9837
13357 18142
1073 1096
1073 1355
1073 1094
1074 6152
1074 12065
1074 6038
17459 2657
17459 15299
17459 2078
17459 3111
17459 8008
17459 2827
17459 1995
17459 28481
1077 1169
1077 1194
1077 5454
1536 1556
1536 4646
1536 1512
1536 1545
1536 1581
1536 2318
1536 9295
10420 13472
10420 13609
10420 10156
10420 13430
13371 20108
13371 10829
13371 5503
1085 15400
1085 7692
1085 1102
1089 1156
1089 1807
13379 1815
13379 6158
13379 6087
13380 13386
13380 7387
13380 549
13380 3462
1094 1446
1094 1355
1094 5903
5191 15180
5191 10752
1096 1355
1096 1022
17481 14257
17481 5420
1098 1359
1102 5414
9295 5795
9295 2440
9295 5675
9295 18076
9295 5407
9296 2896
9296 22194
9296 23715
9296 22253
9296 22203
9296 23613
2232 3201
2232 1844
2232 1853
2232 19941
5203 12915
5203 4340
5203 17681
5203 21928
5203 12430
13396 13984
13396 6449
13396 8434
13396 31092
13398 2782
13403 10216
13403 13472
13403 10212
13403 10205
1116 1481
1116 4811
5215 1848
5215 15505
5215 8009
13408 13529
13408 13492
13408 10212
13408 10436
3600 2436
3600 5669
3600 10571
3600 1436
3600 7581
3600 1486
1125 4811
1125 1359
4811 12072
4811 17989
4811 5807
5649 5522
5649 6053
5649 5478
5649 5448
5649 17914
5649 2934
5649 5498
5649 17917
5226 5370
5226 3219
5226 16364
25707 15472
25707 17681
25707 12115
25707 14862
17518 5728
17518 7170
17518 17604
17518 11302
17518 11303
17518 17613
17518 17520
17518 17521
17518 3922
17518 7187
17518 5524
17518 3827
17518 12539
17518 8028
17520 11307
17520 3269
17520 11303
17520 17578
17520 17579
17520 17613
17520 17521
17520 2902
17520 17622
17520 17561
17520 11289
17520 17530
17520 12539
17520 17543
17520 2847
17521 5728
17521 11303
17521 17622
17521 17528
17521 11737
17521 17530
9330 12163
9330 2441
9330 11690
9330 8012
9330 2094
9330 2543
9330 6062
9330 1974
9330 4087
9330 2425
9330 5854
9330 12639
21619 11952
21619 1889
21619 17875
21619 18933
21619 3832
9332 2324
9332 5669
9332 1486
9332 5765
17526 17553
17526 17531
17526 17622
17526 1798
17526 11289
17526 17579
17526 17578
17528 17622
17528 3269
17528 1798
17528 17633
17528 17553
17528 17578
17528 17579
17528 8028
17528 2847
13844 11001
17530 17633
17530 11307
17530 17604
17530 3269
17530 11302
17530 11303
17530 17579
17530 17613
17530 17553
17530 3922
17530 17622
17530 8028
17531 17553
17531 12246
17531 17579
7676 26667
7676 26668
25727 22672
25727 23185
25727 15299
25727 20020
25727 23959
25727 28481
25727 2827
25727 11004
25727 28482
25727 28494
1153 1883
1153 7187
1153 5732
1153 5807
1154 5460
1154 6008
1154 2708
1154 5583
1156 1168
1156 1314
1156 6653
5254 1553
5254 5283
5254 4661
5254 6938
5254 30376
17543 2337
17543 11303
9352 7140
9352 7255
9352 7681
9352 2754
1161 14336
1161 3494
1161 2625
13450 13456
13450 10177
13450 34004
13450 26726
13450 13943
13450 13480
5259 26952
5259 3059
5259 5349
9586 18169
9586 1690
9586 12282
9586 1255
5262 6051
5262 3034
5262 5397
1168 1314
1168 1022
1168 1222
17553 12246
17553 17579
1172 1008
1172 1395
1172 1311
1174 1887
11801 5349
11801 11109
11801 12215
17561 7568
17561 17622
17561 2902
17561 12246
17561 11289
17561 17579
17561 3269
5275 5264
5275 16195
5275 5283
5275 11078
5275 9491
5277 2372
5277 5352
5277 24148
5277 6170
5277 4701
15315 5011
15315 5751
15315 10779
15315 11404
15315 12735
5280 17681
5280 12683
5280 3219
13474 13577
13474 10076
5283 1728
5283 2193
5283 22614
5283 5264
5286 5227
5286 5307
5286 5358
13480 20096
13480 10177
13480 10181
13480 9767
13480 13456
13480 13395
13480 34004
13480 13943
13480 9754
13480 14363
13480 11167
13481 13609
13481 10076
13481 13469
13481 9959
17578 17633
17578 11303
17578 11289
17578 2847
17579 12246
17579 11307
17579 17622
25773 27336
25773 25774
25773 25775
25773 25776
25773 25777
25773 25778
25773 25779
25773 25780
25773 25781
25773 25783
25773 2840
25773 25785
25773 25786
25773 25787
25773 25788
25773 25790
25773 25791
25774 25790
25774 27336
25774 25775
25774 25776
25774 25777
25774 25778
25774 25779
25774 25780
25774 25781
25774 25783
25774 2840
25774 25785
25774 25786
25774 25787
25774 25788
25774 3198
25775 25776
25775 25777
25775 25778
25775 25779
25775 25780
25775 25781
25775 25783
25775 2840
25775 25786
25775 25788
25775 25790
25775 25791
25776 27336
25776 25777
25776 25778
25776 25779
25776 25780
25776 25781
25776 25783
25776 2840
25776 25785
25776 25786
25776 25788
25776 3198
25776 25791
25777 25790
25777 27336
25777 25778
25777 25779
25777 25780
25777 25781
25777 25783
25777 2840
25777 25785
25777 25786
25777 25787
25777 25788
25777 3198
25777 25791
25778 25790
25778 27336
25778 25779
25778 25780
25778 25781
25778 25783
25778 2840
25778 25785
25778 25786
25778 25787
25778 25788
25778 3198
25778 25791
25779 25790
25779 27336
25779 25780
25779 25781
25779 25783
25779 2840
25779 25785
25779 25786
25779 25787
25779 25788
25779 3198
25779 25791
25780 25790
25780 27336
25780 25781
25780 25783
25780 2840
25780 25785
25780 25786
25780 25787
25780 25788
25780 3198
25780 25791
25781 27336
25781 25790
25781 25783
25781 2840
25781 25785
25781 25786
25781 25787
25781 25788
25781 3198
25781 25791
13494 13601
13494 2361
25783 25790
25783 27336
25783 2840
25783 25785
25783 25786
25783 25787
25783 25788
25783 3198
25783 25791
21688 38112
21688 1906
21688 38111
25785 27336
25785 25790
25785 2840
25785 25786
25785 25787
25785 25788
25785 3198
25785 25791
25786 25790
25786 27336
25786 2840
25786 25787
25786 3198
25786 25791
25787 27336
25787 25790
25787 2840
25787 25788
25787 3198
25787 25791
25788 25790
25788 27336
25788 2840
25788 3198
25788 25791
25790 27336
25790 2840
25790 3198
25790 25791
25791 27336
25791 2840
9409 403
9409 11213
9409 11246
9409 4859
1219 2938
17604 5728
17604 11303
17604 12539
17604 17613
9414 6593
7713 2882
7713 11404
7713 15325
7713 15326
6451 6447
4983 5808
4983 2184
4983 10986
4983 2550
17613 5728
17613 11302
17613 1798
17613 11303
17613 11307
17613 3922
17613 7187
17613 5524
17613 3827
17613 12539
10210 13442
10210 13292
10210 2781
5667 12140
34004 13456
34004 10177
34004 26726
34004 13943
7679 21464
7679 2801
7679 3275
7679 25598
1240 15360
1240 15364
1240 1461
1240 12200
13529 13492
13531 8442
13531 2868
13531 3238
13531 6815
13532 13424
13532 14388
13532 20176
13532 10167
4133 8009
4133 2338
4133 9364
4133 6029
4133 6038
38111 38112
17633 7170
17633 7187
17633 2902
17633 12539
17633 11307
13540 9728
13540 14369
13540 9988
13540 10158
13540 10167
13540 13496
13540 14388
13540 9774
13540 13628
9445 2224
9445 5715
9445 27182
9445 27190
9445 23319
9445 10691
9445 22959
13542 8434
13542 13430
13542 8442
13542 10156
13542 10173
9447 17776
9447 34357
9447 7077
9447 3173
5352 1553
5352 5358
1258 1744
1258 5393
1258 3304
6043 15168
6043 22209
6043 23716
6043 24981
6043 9622
6043 23713
6043 6816
6043 22257
5358 16067
5358 3219
5358 12430
5358 12735
7037 11776
13553 10167
13553 13943
6555 6419
6555 3045
6555 6579
6555 11643
6555 9887
6555 9855
5364 5369
5364 2372
5364 4701
5364 4695
894 1491
894 11491
894 4645
1270 10896
1270 2934
1270 1769
1270 12166
1270 12322
1270 3006
13559 13469
5368 5298
1273 2081
1273 7267
1273 1694
5370 2372
5370 1553
5370 14327
5498 5448
5498 5522
5498 5478
5498 5752
5498 17914
5498 2934
5498 9149
1278 6419
1278 18390
1278 6670
1278 6935
1279 7706
1279 14238
17664 26667
17664 12228
17664 12905
17664 5785
17664 11511
27048 8064
27048 27009
27048 22051
27048 27076
27048 10638
27048 26977
27048 27050
27048 26411
27048 26988
27048 23006
13572 10060
13572 31092
13572 9798
29960 10520
29960 5867
13577 13984
13577 13609
5389 2233
5389 2562
5389 12045
5389 28525
9486 8433
9486 7234
9486 12228
9486 9526
9486 6141
9486 3549
5677 10912
5677 10901
5677 12895
17681 5871
17681 11947
17681 5879
17681 19257
17681 17979
17681 12683
17681 12735
9491 1979
9491 10790
9491 10087
9491 1388
8363 8160
8363 16210
8363 5844
8363 6725
8363 5464
8363 2025
8363 2184
8363 7234
1302 1476
1302 5765
1302 6566
1302 5419
1302 10829
7727 11760
7727 11754
7727 3006
9500 20130
25885 2882
25885 15319
25885 14650
25885 15325
25885 15326
1310 2328
1310 1993
1310 1162
1311 1341
1312 10912
1312 16312
1312 8042
1312 10988
13601 13984
13601 13472
13601 13442
13601 10181
13601 10186
13601 20197
1314 1907
5411 5802
5411 5042
5411 2459
5411 5669
10273 3444
10273 11109
10273 1497
5414 12094
17703 1744
17703 1954
17703 1959
17703 15319
17703 5454
9513 7952
9513 7442
9513 9539
9513 9540
9513 16425
9513 10876
9513 7614
9514 16112
9514 9540
9514 10876
9514 7614
5419 19961
5419 12895
21804 27011
21804 26980
21804 10638
21804 26967
21804 13796
21804 27020
21804 27059
21804 23006
1327 5957
1327 14514
1327 3691
1327 5804
1327 5810
1327 12045
1328 6564
1328 3034
1328 3580
1329 18632
1329 7387
1329 11333
1330 1768
1330 1745
1330 1394
1330 1331
1330 1480
1330 1414
1330 10840
1330 11257
1330 1309
1330 1422
1330 1407
1331 7000
1331 8433
1331 1380
1331 1333
1331 11800
1331 11257
1331 1309
1333 12240
1333 10633
9526 18978
9526 4011
9526 5548
9526 1469
9526 7439
1336 3471
1337 7108
1337 3655
1337 3130
1337 6345
1337 8797
1341 2064
1341 1893
1341 1022
5685 1474
5685 3691
5685 11346
5685 5567
5440 14753
5440 10595
5440 1597
5440 8009
10920 1474
10920 1486
10920 10142
10920 1386
10920 3549
10920 2462
9539 7952
9539 1522
9539 1512
9539 10876
9539 7442
9539 7614
9540 3910
9540 9543
9540 16425
9540 7952
9540 7442
9540 2137
9540 10876
9540 7614
5445 6088
5445 5691
5445 1412
5446 14880
5446 5644
5446 11468
5446 5567
9543 15360
9543 15364
9543 2137
9543 16425
9543 7952
5448 6053
5448 5478
5448 17917
5448 5522
5448 2934
5448 5752
5448 17914
5448 9149
1354 10771
1355 5840
1355 14328
1355 938
5452 2260
5452 10325
2274 1744
2274 1601
2274 6634
9550 6651
1359 15371
1359 6129
1359 1022
1359 938
1359 1893
9552 10660
9552 3002
9552 17979
9552 7884
5458 2461
5458 1922
5458 3655
5460 10520
5460 2708
1365 1984
1365 1601
1365 10095
1365 1954
1365 18815
1365 3506
1365 5967
1366 1768
5464 11281
5464 2051
5464 5844
5464 10902
5464 2231
5464 2318
37553 21531
37553 26235
5468 2833
5468 4475
5468 1988
5468 10095
17760 6978
17760 2005
17760 6055
17760 6121
17760 6203
17760 1981
25953 25952
25953 18632
25953 15299
25953 28488
25953 26940
25953 28494
5691 14880
5691 4337
5691 6088
5691 11261
1380 11809
1380 1394
1380 10899
1380 11257
1380 6124
1380 1422
1380 11791
12321 12322
12321 15284
12321 5765
12321 5739
12321 4645
5478 6053
5478 17917
5478 5522
5478 5752
5478 17914
5478 9149
5479 1986
5479 11053
11230 11216
11230 5809
11230 403
11230 4871
11230 4859
11230 11213
11230 12462
1386 11220
1386 2462
1386 10142
1386 6223
26855 26850
26855 11331
26855 3076
26855 26117
26855 23367
26855 26856
26855 26857
26855 5420
26855 14867
26855 23401
26855 23391
26855 23388
26855 26111
25964 2896
25964 22247
25964 22203
1389 18978
1389 2717
1389 1022
1389 18981
17774 12057
17774 12676
17774 11518
17774 17772
7741 1624
7741 13382
7741 7704
7741 11081
7741 3719
7741 3752
17776 12241
17776 5644
17776 11965
17777 3625
17777 5733
17777 12241
1394 10899
1394 1309
1395 1516
34165 6699
7274 9138
7274 4899
7274 1731
7274 7416
7274 1690
7274 3178
1399 2057
1399 2081
1401 2178
1401 2307
1401 2219
1402 5554
5500 1492
5500 5509
5500 5655
5500 5730
5502 2324
5502 6349
5503 1954
5503 2595
5503 6402
5503 2541
1409 6345
1409 6349
1410 18018
1410 5525
12322 15284
12322 5765
1412 5674
1412 6725
5509 10656
5509 5655
5509 3666
5509 2094
1414 6064
1414 3031
5512 10660
5512 2292
5512 10634
5512 7980
17801 2688
17801 3896
17801 2595
1418 15673
1418 5882
5515 22224
5515 7896
5515 22194
5515 22211
5515 23716
5515 28040
5515 26235
5516 5536
5516 17583
5516 5787
5516 5836
5516 11771
5516 11757
5516 11759
5517 18018
5517 5669
5517 5559
5517 5576
5517 12122
5517 5597
1422 11248
1422 5559
1422 1480
1422 5563
1422 6062
5522 5699
5522 7084
5522 9149
5522 2934
5522 5752
5522 17914
5522 17917
5522 7416
5523 6033
5523 24148
5523 2073
5523 28172
5523 31969
5524 7170
5524 3269
5524 11302
5524 10984
5524 11289
5525 1601
5525 4087
5525 5721
5525 1837
5526 2595
5526 12115
1436 5568
1436 3106
1436 1601
1436 1455
1437 5640
1437 18076
1437 3506
1437 8012
1437 8017
5535 11760
5535 7137
5535 15284
5535 11751
5535 7496
5535 7134
5536 2217
5536 11764
5536 11751
5536 11768
5536 4665
5536 11755
5536 11757
13211 1833
13211 11563
13211 6023
13211 2622
13211 7001
5702 2070
5702 6406
1446 1995
8433 11248
8433 11477
8433 10633
8433 1309
21928 11346
21928 10779
21928 9667
5546 19235
5546 5732
5546 4214
11847 10656
11847 31969
11847 11730
11847 6291
11847 32820
11847 11829
11847 20393
11847 28172
5548 2128
5548 3362
5548 3730
8434 13984
8434 10162
8434 20067
8434 20130
8434 10159
1455 6182
1455 5704
11505 11484
11505 11494
11505 6345
11505 10779
11505 3401
11505 11511
5554 5967
5554 3531
5554 7087
1459 19136
1459 1469
1459 17871
1461 11769
1461 5963
1461 4582
1461 1655
5559 1991
5559 5563
5559 12140
5559 12126
5559 12127
4340 2287
13754 14658
13754 14644
13754 14650
13754 16892
13754 14645
5563 1480
5563 3575
5563 7336
5563 12127
1469 1856
1469 2360
1469 6326
1469 3896
1469 2708
1469 4011
17854 6716
17854 3834
17854 10721
5567 5472
5567 5644
5568 14880
5568 23859
5568 2292
5568 10520
5568 2462
5568 3896
1662 5042
1662 6819
1662 5447
1474 2462
1474 3549
1474 10142
9667 7681
9667 3666
9667 6203
9667 1655
1476 5508
1476 2260
1476 5800
1476 3081
1476 1867
28918 7546
1479 5873
1479 2194
1479 4871
1480 6062
1480 12126
1480 1497
1480 10633
1480 6194
1480 6223
1481 12072
247 2162
247 10087
247 7226
247 2021
1486 12210
1486 11743
1486 3069
1486 4527
17871 18978
17871 5734
17871 1805
17871 2717
5586 2354
5586 11468
5586 2459
5586 3197
17875 7234
17875 3647
1492 3976
1492 2425
1492 5802
1492 5835
26069 2920
26069 18390
26069 24152
26069 26985
26069 5930
26069 27020
5590 10594
5590 5963
1497 5795
1497 5065
1497 10571
1497 5804
1497 6184
1497 16146
1497 7896
1497 11743
9691 13456
5597 2360
5597 15472
5597 2051
5597 5576
16144 11266
16144 5065
16144 5061
16144 11865
17888 2414
12539 5728
12539 7170
12539 11302
12539 2337
12539 11303
12539 3922
12539 3827
12539 2902
12539 2847
13796 26968
13796 2989
13796 18390
1509 1513
1509 1556
1509 1581
1511 1880
1511 19257
1511 2372
1512 1522
1512 1556
1512 1513
1512 1537
1512 1545
1512 5242
1512 19262
1513 1522
1513 1529
5610 6890
5610 4837
5610 12895
1516 12228
1516 1162
1518 1522
1518 1545
1518 5227
1518 1570
1518 4701
12462 16313
12462 7173
1522 1537
1522 1545
1522 5242
9811 1856
9811 6392
9811 5704
9716 10589
5621 11760
5621 8020
5621 10661
5621 6473
1526 1529
1526 1556
7081 7108
7081 8117
7081 7160
7081 1660
7081 7507
7081 7083
7081 7084
7081 7087
9720 13472
9720 6651
9720 13421
9720 6526
1529 1570
1529 1545
17914 5752
17914 9149
17914 17917
5627 6064
5627 3769
5627 3809
5627 11837
5627 6181
5628 14514
5628 10660
5628 4823
5628 3002
5628 10779
17917 14336
17917 5752
17917 9149
5630 3506
5630 10902
5630 5393
5630 5447
26111 14867
26111 3076
26111 26118
26111 26857
26111 23391
9728 13456
9728 38497
1537 12896
1537 1553
1537 5242
1537 5354
5635 3907
5635 5758
5635 337
26116 26857
26116 3076
26117 26850
26117 11331
26117 23399
26117 26856
26117 26140
26117 23367
26117 23372
26117 14867
26117 26143
26117 23388
26118 26850
26118 14867
26118 11331
26118 23401
26118 26143
26118 26140
14593 14624
14593 14628
14593 14597
14593 14625
14593 14600
14593 14617
14593 14602
14593 14603
14593 14604
1544 10728
1544 2043
1544 2229
1544 3637
1545 1556
1545 1570
5642 23312
5642 2366
5642 23613
5642 14781
5642 5790
5642 2541
17931 1660
17931 2005
17931 16313
5644 5808
5644 5795
5644 5732
13837 11001
5647 3608
5647 5065
5647 16210
5647 2141
5647 15895
9745 10200
9745 1713
9745 11643
9745 2775
17938 2564
17938 5303
17938 16313
17938 5915
22211 19697
22211 22179
22211 21526
22211 7111
22211 22183
1556 1570
9749 2004
13846 1769
13846 20014
13846 11001
5655 5795
5655 5732
5655 10876
5655 5835
5655 5873
5655 3666
5655 4087
5655 7320
9754 2336
9754 10212
9754 9767
9754 10076
26140 3076
26140 23367
26140 23388
26140 23383
26140 23372
26140 23401
5661 2233
5661 4837
5661 2334
5661 4645
9758 6784
9758 2699
9758 2020
9758 11683
26143 26850
26143 14867
26143 23372
9761 10006
9761 7606
1570 12883
1570 2372
22051 26976
22051 27011
22051 27076
22051 26988
22051 26267
22051 27025
22051 26994
22051 27030
22051 27031
22051 27035
22051 23773
1572 11769
1572 11754
5669 14514
5669 5576
5669 5803
5669 11755
9767 13395
9767 2868
5508 11170
5508 11155
5508 2260
5508 11159
5508 11160
5508 5788
5675 2360
5675 11768
5675 2073
5675 8542
1581 1553
1581 5354
1581 12044
9774 9887
5679 11248
5679 4226
5679 3637
5679 11800
5679 3625
5679 10253
9776 10589
1588 1728
1588 5349
1588 4582
1592 15371
22924 23716
22924 22918
22924 14781
22924 27182
22924 23613
17979 20422
17979 18281
17979 18474
17979 11947
17979 18451
17979 1204
17979 8535
17979 10660
17979 18335
17979 18334
1597 1988
1597 3197
949 2307
949 10481
949 3106
949 7147
1601 1837
1601 18815
2781 7936
2781 7706
2781 7607
5699 4448
5699 2129
5699 10902
5699 5583
5700 14256
5700 12241
5700 6514
5700 7509
5700 5928
5700 2366
5700 1903
17989 4823
9798 20096
5704 10514
5704 5989
1611 1843
1611 7148
938 1027
938 4502
5730 16324
5730 3834
5730 2730
5730 11085
25952 28480
25952 7903
1616 12200
1616 1801
21432 18978
21432 5734
21432 2056
21432 10655
21432 2717
21432 27603
21432 18981
18003 12281
18003 3226
18003 1963
18003 2287
9812 1584
9812 1730
9812 18632
9812 11065
9812 6943
6055 6064
6055 7234
6055 6181
6055 2072
6055 3769
6055 6158
11331 14257
11331 26850
11331 26856
11331 23399
11331 23401
11331 11167
1624 19136
1624 7692
1624 7106
1624 4484
5721 1022
6415 7377
6415 1684
7692 7272
7692 3834
9823 2827
9823 3834
9823 7507
5728 11302
5728 11303
5728 3922
5728 3827
5728 8028
5728 2847
38497 10212
18018 5808
18018 5957
18018 5417
5732 5393
5732 5437
5733 21618
5733 18076
5734 18978
6417 11588
6417 10095
5739 15284
5739 5765
5739 5409
5739 11768
9837 7704
9837 7607
9602 3146
9602 2973
9602 10790
9149 5752
1655 5090
1655 5349
30996 27904
30996 31003
26235 21526
26235 3574
26235 22257
26235 28040
1660 1867
1660 10293
1660 5915
1660 2158
1660 10691
5757 7309
5757 3602
5758 18258
5758 2327
5758 18372
5758 14650
5758 18367
9855 7218
9861 10168
9861 10162
9861 10179
16047 9622
16047 4871
6036 3073
6036 12625
6036 2072
6036 2093
38602 35304
26251 2961
26251 5879
26251 10779
26251 12430
26251 12735
5776 5810
5776 2541
5776 3002
2328 10095
5778 11968
5778 1889
5778 11938
5778 11943
5778 12057
963 2081
963 6681
963 7381
9876 4665
9876 9988
9876 13557
9876 10167
5781 5790
15505 6819
15505 11870
5785 12115
5785 12228
5786 3809
5786 2564
5786 18214
5786 18076
5786 11837
26267 26966
18076 5957
18076 1959
18076 4054
18076 11743
18076 15319
18076 1215
1694 2666
5061 5065
5061 4859
5061 1805
5061 11216
13984 10208
13984 14363
13984 31092
13984 13582
1697 1734
1697 3896
5795 5944
25598 2801
25598 27643
25598 12166
25598 21464
25598 3275
22183 22224
22183 19697
22183 22179
22183 21526
22183 22203
22183 10643
22183 23710
5800 2128
5800 10401
5800 6154
5800 5788
6428 6536
6428 2748
6428 1710
6428 7535
5802 5042
5802 27716
5802 5835
5802 2425
5802 3976
5802 18730
5803 10902
5803 5751
5803 6392
5803 10571
5803 12045
1710 2748
5807 2129
5807 2137
5807 5930
5807 2094
5808 5472
1713 11667
1713 10036
1713 6651
5810 11281
5810 12228
5810 10986
5810 11388
20848 3803
20848 3590
20848 5583
5812 5011
5812 9412
5812 5915
5812 12045
5812 11246
5813 12097
5813 1991
5813 2712
5813 3691
5813 12094
5065 16146
1723 5042
1723 9992
1723 2985
1728 10290
1728 1843
1728 1684
1728 7387
1728 3218
1728 11477
22209 10258
22209 23715
22209 21531
22209 22179
1730 7189
1730 20422
1730 6943
1731 15425
1731 20422
22213 22272
22213 22194
22213 23709
1734 15673
1734 10988
14625 14624
14625 14628
14625 14617
14625 14602
14625 14603
14625 14604
22218 22252
22218 6494
22218 22918
22218 30757
5751 10902
5751 5447
5751 10571
5751 5903
5836 11776
5836 5787
5836 11757
5836 11760
5836 17583
5836 11764
5836 11769
5836 11771
4386 6593
4386 12115
4386 14494
4386 18583
4386 1883
4386 5409
4386 12625
1745 10840
1745 1768
1745 1420
1745 1309
1747 2097
1747 2164
1747 3255
1747 2170
1747 2231
1747 1996
1747 1999
5844 14514
5844 3716
5844 4853
5844 4087
5844 2360
5844 10779
16425 2137
16425 7952
1752 2934
1752 7226
1752 2334
1752 11870
1753 6494
1755 11865
1758 4899
7560 5233
7560 6194
7560 403
7560 6182
7560 12120
7560 11468
1765 15472
1765 12735
1766 3152
1766 1807
1766 2828
1766 20783
22247 22252
22247 24981
1768 12120
1768 1309
5867 6038
5867 10520
5867 11764
1772 2679
1772 6938
1772 6579
1772 6605
1772 6637
22253 23713
22253 6164
22253 22179
22253 23715
22253 22252
5871 3221
5871 15425
42736 35304
4392 15493
1779 2016
1779 6129
1779 1844
1779 19941
1779 12281
1779 2234
1779 1853
1779 2287
1781 11388
5879 5369
14072 3152
14072 11484
14072 14071
18169 1255
5882 16892
5882 1959
16324 8020
16324 2938
16324 2730
5885 5539
5885 1940
5885 2137
28472 21618
28472 11991
28472 11512
28472 12186
28472 11943
22272 22194
22272 22203
22272 23709
7786 27292
7786 12228
7786 5143
5788 3752
5788 10985
9988 10159
9988 13582
9988 9887
1797 6938
1797 6581
1797 6589
1798 11302
1798 7189
1798 3335
1798 5674
1798 11307
1801 2097
1803 6663
1803 6699
1803 1853
1805 4899
1805 3258
1805 5042
1807 6981
1807 6905
21464 2801
21464 23859
21464 12166
21464 3275
1810 2057
1810 1966
16003 19826
16003 2811
16003 7621
16003 19821
2085 22752
2085 10465
2085 2056
2085 1690
2085 2159
2085 2911
10006 7434
10006 10436
10006 3045
1815 2624
1815 8093
1815 6087
10010 2782
10010 3238
34587 20993
34587 20994
34587 20783
34587 20976
34587 20977
34587 6874
34587 20987
34587 20989
34587 20991
15322 11404
15322 15325
4425 4582
5765 15284
1825 4676
1825 2292
5922 27904
5922 27290
5922 15317
1828 15168
18214 1867
18214 11837
5928 7376
5928 6022
5928 5019
5928 6978
1833 9976
1833 10216
1834 6837
1834 3335
1834 7656
1834 6942
1834 7013
26411 26976
26411 27050
26411 2989
1837 18815
26415 11683
26415 18390
26415 26966
26415 27031
26415 2989
26415 27013
5936 1907
5936 1908
1843 2336
1843 16195
1843 1940
1843 1867
1843 11053
10036 10168
15326 11404
15326 15319
5942 4454
1848 6981
11769 11776
11769 10401
11769 11760
11769 2073
11769 11768
11769 1945
11769 11775
1388 1984
1388 5397
1388 10790
1388 1916
1853 1872
1853 3201
1853 1844
1853 12281
1853 1963
18238 2004
18238 10594
18238 20108
18238 10605
1855 6624
1855 2821
1855 6709
1855 6968
1855 6421
1855 2170
1855 7199
1855 3055
1856 2355
1856 2360
1856 5539
5957 6087
5957 6968
5957 5835
18247 6824
5963 6641
5963 3221
5090 11242
5967 11281
5967 5944
5967 23610
5967 1954
1872 19941
1872 3226
1872 1963
1872 2287
5447 3106
5447 6051
5447 3910
5447 3945
5447 5674
5447 12045
5447 5840
5447 5407
18258 36256
18258 18372
18258 18358
18258 18375
18258 18345
18258 18378
18258 18365
1880 6837
7140 7376
7140 2754
7140 7980
1883 2001
1883 1960
1883 2779
1883 6012
1883 6968
10076 7261
1887 7896
1887 3462
1887 11345
1889 12676
1889 11512
1889 12057
1889 12186
1889 11979
1889 17772
1889 21618
6064 10633
6064 6158
6064 6181
6064 3769
6064 10634
6064 3502
6064 4447
1893 1008
1893 1995
18278 7585
18278 18451
18278 18372
18278 18345
18278 18378
18278 18275
18278 18365
18278 18367
18281 18369
18281 7585
18281 18375
18281 8535
18281 18378
18281 18474
18281 7011
18281 18351
5995 3563
4564 2338
4564 5011
10095 1984
10095 1716
10095 7210
10095 2021
1906 6641
1906 11424
1906 10660
1906 7518
1908 7272
1908 1222
1910 10465
1910 12115
6008 11065
6008 2708
6008 5583
1684 2807
1914 2138
1914 3206
1914 3494
1916 10790
3050 7656
3050 11388
3050 10829
4701 3219
4701 5227
4701 2372
4701 5369
4701 5307
1922 7160
1922 8066
1922 3655
14211 11809
14211 10899
14211 10998
6022 12065
6022 1986
6022 10829
6023 3073
6023 6935
13292 7936
13292 7607
13292 2823
13292 18142
1931 6514
1931 10212
1931 10605
1931 6943
6029 2293
22416 19697
22416 22194
22416 23715
22416 23716
22416 23709
6033 3321
6033 24148
10130 3869
10130 4054
10130 2839
1940 10465
1940 2084
1940 5799
1940 1867
26517 7938
26517 7957
26517 23976
26517 8139
26517 19676
26517 21618
26517 3869
6038 12065
6038 6071
6038 8009
1945 1984
1945 2807
10138 3658
10138 3647
26523 11984
26523 8059
26523 7957
26523 19262
1690 2938
1690 9138
18334 18372
18334 18367
18334 18375
18334 18474
18334 18378
18334 1631
18335 18369
18335 18275
18335 18375
18335 18345
18335 7585
18335 18358
18335 8535
18335 18360
18335 18372
18335 18365
18335 18367
1954 15907
1954 5640
1954 15897
1954 6107
1954 7052
5787 11760
5787 11759
5787 11754
5787 11771
5787 11757
5787 11775
10151 3073
10151 2051
10151 14644
10151 18390
10151 14647
10151 14651
10151 2731
10151 10159
1960 3455
18345 36256
18345 18369
18345 18275
18345 18372
18345 18375
18345 18474
18345 7585
18345 8535
18345 18367
18345 18378
1963 3201
1963 1844
1963 19941
1963 12281
1963 3226
1963 2287
10156 3139
10156 13430
10156 20197
1966 7336
10159 3044
10159 20130
10159 10205
14256 7509
14257 2562
14257 3076
14257 18142
10162 13557
13299 7259
13299 13315
13299 2823
13299 7707
13299 2159
10164 10212
10164 20197
10164 10181
5790 3666
18358 7585
18358 18275
18358 18375
18358 18360
18358 18372
18358 18367
18358 18365
10167 20176
10167 13430
10167 10173
10167 14388
18360 36256
18360 18369
18360 18275
18360 18375
18360 18378
18360 18474
18360 18365
1979 6121
1979 2373
10172 10216
10172 10168
18365 36256
18365 18369
18365 18372
18365 18375
18365 18351
18365 7585
18365 18367
18367 18369
18367 18275
18367 18372
18367 2631
18367 18351
18367 7585
18367 18451
18367 8535
1984 7206
18369 8535
18369 18375
18369 18474
18369 18451
18369 18372
18369 18378
1986 7052
1986 6566
10179 2782
18372 36256
18372 18375
18372 2631
18372 18351
18372 18451
7704 7706
7704 6843
7704 14238
18375 18451
1992 2208
1992 2225
1992 2404
1992 1989
1992 16296
1992 2143
10185 10648
10185 10212
10185 10205
1995 1169
1996 2016
1996 2148
1996 2046
1996 3255
1703 4661
1703 12615
1999 2081
1999 2788
1999 2030
2000 3608
2000 2865
2000 6634
2000 3749
2001 4226
2001 13382
2001 2355
2001 2557
2001 2383
2001 2361
2001 2779
2001 10492
2001 2013
14290 6010
14290 4646
22179 19697
22179 22203
22179 10643
2004 10594
2004 15284
2004 10648
2004 20108
2005 2337
2005 7684
2005 11829
2005 6121
2005 1981
18390 2920
18390 7498
18390 27020
18390 2989
18390 14644
18390 26966
18390 24152
9209 6914
2008 337
2008 2751
2008 9622
2008 5562
2008 2059
2008 7910
2008 6653
10201 20067
10201 3045
6107 11281
6107 2354
6107 3869
9887 13582
10205 10212
6637 6941
10208 3044
6113 22614
6113 17583
12615 6978
12615 3549
27643 18499
27643 23859
27643 12166
27643 14650
27643 3275
2020 2657
2020 11317
2020 6566
2020 19961
2020 12122
2020 14651
2020 6815
2021 2752
2021 2148
2021 1961
2021 2779
2021 10492
337 3907
337 11281
10216 20096
10216 10212
10216 13430
10216 2361
2025 1981
9959 14363
5799 6194
5799 2147
5799 1814
5799 11242
5799 11998
6124 7514
6124 8571
6124 7581
14317 6472
14317 6499
14317 6678
14317 6471
2030 2811
2030 2788
11261 5680
11261 6088
11261 3502
12627 18730
12627 7148
1022 4502
14327 14336
14327 2625
14327 14328
14328 5840
14328 2625
14328 5264
2043 2143
2043 3845
2043 1989
2046 2436
2046 2550
2046 2518
2046 2122
2046 2219
2046 7154
2046 3255
2046 12281
2046 2365
2046 2279
6143 3896
6143 6142
14336 5264
14336 2625
2051 14658
2051 3444
6148 2865
6148 2562
6148 18933
6148 1974
6148 2233
6148 6938
6148 2060
6148 5837
6148 2606
2054 18612
2054 4226
2054 2355
2054 10492
6152 12065
6152 2243
6152 2934
6152 6071
6152 3178
6154 10401
6154 2712
6154 3081
6154 10506
6154 26881
6154 7566
2059 2210
2059 2518
2059 22614
2060 5454
10253 11248
10253 6951
6158 13382
6158 3769
2064 1988
2064 2373
10258 5472
10258 3574
18451 18275
18451 18378
18451 12915
6164 5409
6164 18494
2069 7072
2069 18612
2069 7083
2069 2221
2070 2225
2070 6010
2070 3845
2070 2143
6070 7957
6070 23593
2072 7568
2072 7187
2073 5873
2073 3604
2073 6062
6170 24148
6170 12282
6170 2564
6170 3471
2078 22672
2078 11314
2078 15375
7173 10369
7707 7376
7707 2823
2081 6578
2084 2148
2084 3226
2084 2156
2084 2564
30757 22252
6182 11468
6182 6253
6182 3910
5809 2387
5809 7896
5809 12044
5809 7148
6184 5397
18474 36256
18474 18275
18474 18378
26667 12683
26667 26668
2093 7498
2093 14650
2094 10896
2094 2131
2094 10702
10289 6526
10289 10290
10289 10901
10289 3975
10289 18751
10289 2462
10289 10293
10290 10293
10290 3975
10290 18751
10290 16112
10290 6725
10290 10901
14388 13557
10293 3975
10293 18751
1716 6499
1716 3558
6203 7681
2108 2393
2108 7106
6205 4543
18494 27013
18494 11947
18494 26988
18494 2541
18494 27083
4448 10998
10306 6656
10306 11554
10306 10595
18499 3666
11800 11248
11800 12118
11563 2954
11563 436
11563 15549
2122 2194
2122 2436
6498 6528
6498 2727
6223 3716
2128 11424
2128 2979
2129 5640
2131 12163
2131 2279
2131 3901
2131 2141
10325 11962
10325 7910
22614 16195
2135 2355
2135 11686
2135 3976
2135 2779
2135 10492
2135 4475
2135 8542
2137 7952
2137 10876
2138 436
2138 7498
2138 15549
2141 21531
2141 2292
2143 2208
2143 2225
2143 2404
2143 1989
2143 16296
2144 19697
2144 3444
2144 3625
2144 8075
19848 2882
19848 7287
19848 3752
19848 6938
19848 3335
2147 6578
2147 3258
4454 10771
4454 10697
26726 20176
26726 13430
26726 13943
26726 13469
2156 7617
6253 10771
6253 2562
6253 3691
6253 2318
2158 2324
2158 2518
2159 10465
2159 12895
2162 2332
2162 965
2163 13472
2163 10594
2163 13421
2164 2184
2164 2170
2166 20393
2166 6499
2170 2097
2170 3255
2170 6440
2170 1993
7189 15168
7189 16096
7189 10664
7189 7272
7189 7052
1027 2193
1027 4502
2178 2210
2178 2219
2178 2518
10373 8020
10373 20422
10375 2549
10375 12094
2184 2518
2184 2231
2184 2365
5143 27292
5143 27290
7134 6968
7134 3181
7134 6709
22672 28480
22672 26940
2193 18933
2194 2307
2194 2550
2194 2262
2194 2016
2194 2383
6291 31969
6291 11730
6291 32820
6291 11829
6291 20393
6291 28172
2197 11162
18583 6392
18583 19136
18583 2644
18583 14494
14489 11314
14489 6566
14489 3471
5256 12883
16195 11167
14494 6593
14494 12625
2208 1989
2208 7950
10401 3081
10401 11159
21531 10643
21531 21526
10406 6392
10406 3752
10406 12044
403 11216
403 3218
2216 19961
2216 6938
2218 3201
2218 19941
2218 3226
2219 5840
2219 10691
2221 3506
2224 23312
2224 23314
2224 22947
2224 22949
2224 23610
2224 12043
2224 14780
2224 14781
2224 23613
2225 2404
2225 16296
2225 1989
5666 3218
5666 7750
18612 2355
18612 10492
2229 10728
2229 7082
6326 10752
6326 5873
6326 5407
2231 3444
2231 2365
35000 28480
35000 28481
35000 20020
35000 23958
35000 23959
35000 28488
35000 26940
35000 28504
2233 10595
2233 2404
2233 11943
2233 8622
2233 9364
2233 2366
2233 3321
2233 12094
2234 19941
2234 1844
2234 2287
14525 11160
14525 27220
2243 7416
2243 6566
2243 1989
10436 13442
10436 3045
9622 8093
9622 6062
9622 5407
18632 26940
6345 6349
6347 6350
6347 6354
6347 4695
6349 11491
6349 6350
6350 5393
6350 11494
5837 12094
6354 11494
6354 4695
6354 3945
2260 11170
2260 11155
2260 11159
2262 2016
2262 2518
16146 5397
16146 8118
2271 6624
2271 6819
2271 2821
2271 7206
2271 23773
2271 6894
2271 8149
22752 2817
10465 2712
10465 2911
10465 12094
26850 3076
26850 26856
26850 26857
26850 23399
26850 23401
26850 23391
8571 11809
8571 11333
8571 12118
8571 12120
8571 10633
8571 10634
8571 1309
8571 7518
2279 2550
2279 1981
2279 2365
2279 11167
26856 3076
26856 23399
26856 23401
26856 23367
26856 23372
26856 14867
26856 23391
26857 14867
26857 23399
26857 3076
26857 23383
26857 23388
3111 12115
3111 26940
22764 11388
22764 5298
22764 3212
22764 7111
2287 3201
2287 19941
2287 1844
2287 7643
2287 3226
10481 7147
2292 4676
2293 7072
2293 8066
2293 2518
2293 7160
2293 8797
2293 2461
2293 7087
6392 10752
6392 10514
6392 5989
6392 12045
6392 7814
10492 3012
10492 1961
10492 2383
10492 2355
10492 2387
10492 18703
10492 2501
5123 10840
5123 6720
5123 6499
26881 3081
26881 27220
26881 11053
26881 7566
6402 8149
6402 10790
2307 2518
2307 2365
6404 6440
6404 6536
6404 6723
14597 14600
14597 14602
14597 14603
14597 14604
14597 14624
6406 6092
6406 6958
6407 6432
6407 6419
6407 6587
14600 14628
14600 14617
14600 14602
14600 14604
14600 14624
10506 32530
10506 15180
10506 5903
14603 14624
14603 14628
14603 14602
14604 14628
14604 14617
14604 14602
14604 14624
6413 2688
2318 13768
2318 7172
2318 7320
2318 2404
2318 3531
2318 12094
18703 2355
18703 27220
18703 2501
18703 2779
18703 2383
5848 5680
5848 15364
5848 3691
5848 12097
6419 6587
6421 6723
6421 2788
6421 6709
6421 7199
10518 6729
10518 6678
2327 10660
2327 965
10520 11690
14617 14628
14617 14602
14617 14624
6426 6528
6426 6937
6426 6784
31003 27904
31003 5307
31003 27290
31003 19691
31003 27292
31003 29022
2332 19452
2332 5583
2334 5680
2334 2911
2334 11167
14624 14628
14624 14602
2337 7170
2337 11302
2337 11303
2337 2557
2337 1981
2337 3637
2338 6617
2338 15673
2338 6012
2338 5539
6435 2779
6435 2013
14628 14602
21764 23593
21764 23589
21764 30239
6440 2808
6440 7267
6440 6503
18730 27716
11944 11998
11314 7106
11314 6815
6447 6432
6447 6503
6447 6583
6449 7936
6449 7218
6449 7718
2354 2459
2354 3719
2355 4226
2355 3012
2355 2501
2355 1961
14644 3073
14644 14658
14644 14647
10633 7197
10633 12127
2360 6914
2360 6758
2360 11281
2360 3055
2361 13557
2361 20197
14650 3073
14650 14658
14650 14645
14650 7111
14650 11404
14651 3073
14651 14658
14651 14645
14651 2731
26940 23210
26940 23185
26940 41044
26940 23958
26940 8008
26940 11004
26940 28481
2365 2550
2365 2518
2366 11943
2366 11979
18751 10901
18751 3975
16096 2549
16096 12215
14658 14647
14658 14645
12683 3219
2372 5227
2372 1553
2372 12883
2372 5369
2373 15168
2373 6121
6471 6678
6471 6937
6471 6729
6471 6599
6471 6524
6471 6894
26952 26550
26952 3271
26952 3112
26952 3869
6473 2666
10571 5854
2383 3012
2383 2501
2383 1961
2383 10670
2989 24152
4853 2898
4853 4823
4853 11242
26966 27011
26966 27076
26966 37142
26966 26980
26966 27050
26966 26987
26966 10638
26966 27025
26966 26967
26966 21803
26966 35967
26967 8064
26967 27025
26967 27011
26967 26980
26967 37142
26967 27030
26967 21803
26967 27059
26968 27020
26968 10638
2393 7980
2393 2414
13382 2441
13382 3647
13382 6653
10588 6578
10588 6580
10588 6938
10588 6894
10589 3139
6494 10611
6494 5454
6494 12625
26976 26994
26976 26980
26976 27025
26977 27035
26977 10638
26977 26550
10594 20108
10594 10605
10595 2954
2404 2562
2404 16296
2404 2543
2404 1974
2404 2557
6503 6536
26985 27011
26985 10638
26985 27031
26987 27009
26987 26980
26987 24152
26987 27050
26987 26988
26988 27009
26988 27010
26988 27076
26988 23006
26988 26550
26988 27035
26988 35967
10605 20108
2414 8059
2414 7814
7229 6142
6514 8017
31092 11540
31092 11662
6524 6937
15319 11404
6526 2788
18815 10985
6528 3005
27009 26994
27009 27076
27009 27030
27009 27031
27010 26994
27010 27013
27010 27050
27010 10638
27011 26994
27011 10638
27011 21803
27011 27035
2436 11281
2436 2387
2436 4502
2436 4837
27013 10638
27013 27030
27013 27050
22918 23314
22918 22949
22918 24981
22918 27190
22918 22919
22918 22934
22918 23613
22919 22947
22919 22949
22919 22952
22919 12043
22919 22930
22919 27182
22919 23613
22919 23312
22919 23314
22919 22934
22919 23319
22919 23323
22919 14780
22919 14781
2440 14880
2440 11281
2441 10776
2441 1981
2441 6010
2441 3647
10634 10114
10634 11469
10634 3769
10634 6012
10634 3549
6539 3179
6539 3335
27020 27031
10638 27030
10638 11683
27025 26994
27025 27076
27025 21803
27025 23006
22930 22947
22930 22949
22930 4039
22930 23323
22930 12043
22930 23613
22930 19121
22930 23314
22930 22934
22930 23319
22930 27190
22930 14780
22930 14781
10643 21526
10643 15611
27030 26980
22935 23312
22935 4081
22935 22947
22935 22949
22935 22934
22935 4039
22935 23613
22935 27182
27716 10902
27716 27719
2459 5944
2459 5674
2459 11715
2459 5437
10653 3139
2462 3845
2462 14880
2462 3975
10655 6010
10655 18981
10656 20393
10656 28172
10656 32820
4899 7377
4899 5444
4899 6951
27035 26994
27035 21803
27035 27059
10660 20422
10660 7980
10660 3002
22949 22947
22949 4039
22949 22952
22949 22959
22949 23314
22949 22934
22949 14780
22949 14781
22949 23323
5873 4214
22952 22947
22952 22934
22952 12043
22952 23613
22952 27182
22952 23312
22952 23314
22952 27190
22952 23319
22952 23610
22952 14780
22952 14781
27050 26980
27050 27083
2461 8797
2461 8066
4447 10899
4447 6062
27059 8064
27059 26994
27059 27076
27059 23006
6580 6977
6580 6579
6580 3608
6580 3193
6580 6941
1844 3201
1844 19941
1844 3226
6582 7728
6582 6635
6582 1814
6582 6634
6582 8059
6582 10702
6582 11743
6583 2770
24403 22252
5472 5835
5472 11468
5472 6578
5472 4543
2492 7684
2492 3462
2492 5417
13386 7387
8608 10771
2911 3252
10691 5854
10691 5437
10691 10702
10691 12639
27076 21803
27076 23006
27076 24152
27076 35967
27076 27083
5854 4087
5854 12163
5854 12639
6599 6678
6599 6616
6599 6729
6599 6894
10697 10661
10697 12639
14071 3152
5539 12210
10702 10661
10702 7175
10702 1993
10702 2730
10702 12639
10702 11743
37142 8064
37142 26980
11404 15317
11404 12045
11404 15325
22947 4039
22947 27182
22947 4081
22947 23314
22947 22934
22947 23319
22947 19121
22947 23323
22947 14780
22947 23312
2518 1981
1584 11065
6616 15408
6617 6656
6617 7187
6617 2811
3630 5369
19136 3505
19136 5835
19136 2557
23006 23773
10661 7376
10661 10664
6624 2811
6624 2821
10721 2954
10177 13456
10177 13943
6634 2865
6634 3031
6634 6986
6634 3761
18855 19380
2541 2751
2543 10776
2543 3752
16808 12241
16808 7509
13395 2336
13395 7718
2549 12094
6651 2868
6651 7921
2557 5409
13315 7376
2562 10752
2564 3907
2564 3910
2564 5303
2564 11242
5674 4837
5674 3146
5674 12094
4859 11216
4859 11246
4859 7148
6905 6704
6905 2688
6905 6760
6905 3580
14862 5715
14862 3173
3945 5989
3945 10988
6496 6499
6496 6781
10771 7568
10771 7336
10771 11420
8542 3803
8542 3625
8622 8160
8622 3199
6678 6720
6678 6472
6678 6894
10776 11162
6681 6472
6681 6787
4527 19235
4527 1814
32820 31969
32820 11730
32820 11829
32820 20393
32820 28172
14880 12097
14880 11468
18978 3146
18978 2900
18978 27603
18978 18981
2595 2688
2595 15284
18981 2717
18981 27603
6578 6597
6578 6579
6578 6605
2606 6977
2606 6986
2606 6581
2606 3761
6704 2688
6704 2811
6704 7621
11965 11948
11965 12735
6579 6597
6579 3193
6579 3429
6088 5680
6088 4337
6088 12072
6088 3502
6709 7137
6709 15284
6709 2821
6709 2788
27190 4081
27190 4039
27190 23610
27190 12043
27190 14780
27190 27182
436 3625
6716 3456
6716 2833
6716 6978
6564 3321
6564 6121
6581 3749
2624 3005
14917 12163
2634 7884
10829 2896
10829 21526
10829 15611
2336 2149
27220 7210
27220 11159
27220 11053
4837 3505
4837 9412
4837 11455
5680 11266
5680 11246
5680 4337
5680 3502
5680 5989
10840 659
10840 11248
10840 12120
10840 11257
5903 15371
5903 15180
5903 11246
5903 32530
15364 15360
15364 6194
15364 11837
2657 5307
31330 12240
31330 7179
31330 19676
31330 8139
6046 19697
6758 2897
6758 7287
14780 12043
14780 27182
14780 22959
14780 23312
14780 19121
14780 23314
14780 4081
14780 22934
14780 23319
14780 23613
14780 4039
14780 14781
14780 23323
2666 6781
11829 31969
11829 11730
11829 20393
11829 28172
6589 2644
6589 7197
6589 6597
2679 6986
2679 3031
19064 11962
19064 6114
19064 3558
12735 3219
12735 11511
12735 12430
10876 7952
10876 7614
6781 3139
5227 3219
5227 16892
1814 19235
1814 11242
1814 7728
1814 12280
1814 12278
1814 2938
6593 7568
13456 2737
13456 3271
2701 3219
2701 7924
10894 2755
23185 28482
23185 28100
23185 7903
23185 41044
10899 1407
10901 10912
10901 3910
10901 3655
10902 3505
10902 5417
10902 4011
10902 7694
26550 24152
2712 12097
27290 15317
27290 19691
27290 27919
10907 10912
10907 7148
10907 11491
27292 27299
2717 6641
2717 6981
6597 3193
6597 3749
10912 11220
13424 13492
13424 2868
6819 7195
19109 15360
19109 7146
6824 3152
6824 3456
6824 7406
23210 28481
23210 28482
23210 15299
2731 3073
2731 11004
2731 14647
21618 12676
21618 12186
21618 11979
21618 3832
2737 10200
2737 10173
12639 15400
6837 3608
549 11257
7320 8020
6843 7052
6843 7636
2748 6536
6846 7111
2751 6051
22959 23319
22959 14781
22959 23613
2755 7218
2755 6627
2755 7023
13430 13496
13430 14369
13430 13943
13430 7508
27336 3198
2762 7077
6605 6941
2770 2622
6874 20993
6874 20994
6874 20991
6874 20783
6874 20976
6874 20977
6874 20984
6874 20989
6874 20987
2779 1961
2779 2013
5242 12896
5242 1553
5242 5354
5242 3502
2782 6942
10979 7108
10979 6981
2788 15284
10022 7434
10022 11667
2790 7170
11686 5425
11686 16348
11686 2898
10984 12140
10985 3901
10985 6951
6890 19452
10988 6344
10988 16312
10988 16313
10988 8042
19380 23593
19380 23589
2801 12166
2801 3275
6898 6981
12430 1204
12430 11511
12430 11484
6472 6937
10998 7518
10998 11254
10998 12163
10998 6062
2807 7027
2811 7621
2811 15408
2811 19826
2811 19821
5930 24152
5930 2954
5930 11388
2817 11870
2821 7137
2821 3580
2823 7936
2823 7607
2823 3179
1867 5444
2827 2900
2827 20020
23312 4039
23312 19121
23312 12043
23312 22934
23312 23323
23312 14781
2833 4475
23314 12043
23314 27182
23314 19121
23314 4081
23314 22934
23314 4039
23314 23319
23314 23610
23314 23323
23314 14781
6641 5409
6935 7272
6935 6815
6935 14647
2840 3198
6937 6784
6938 3608
6938 2865
23323 4039
23323 27182
23323 19121
23323 22934
23323 23319
23323 23613
23323 14781
6941 3193
6942 11303
6942 8028
6942 2847
6943 3152
19235 12044
6951 7621
6951 11065
2858 3199
11053 7728
11053 5451
11053 7566
11053 7381
6958 11254
6960 6536
6960 7509
6960 3078
6960 7023
2865 3608
6963 5233
6963 8093
6968 6087
6968 7199
11065 3506
11065 5407
6970 2644
2875 7656
2875 7077
2875 5310
2875 3173
1845 3889
1845 16303
15168 8009
15168 7837
6977 1988
2882 3574
2883 11737
2883 8012
2883 7223
6981 1988
23367 3076
23367 23388
11081 3752
6986 3749
6986 7287
15180 32530
15180 28525
3506 27919
3506 5640
3506 7896
2896 23713
2896 22194
2896 23715
2897 3401
2897 7834
2898 12915
6627 7434
2902 17622
2902 11303
2902 2847
23383 3076
23383 23401
7000 7197
7000 12126
23388 14867
23388 23399
23391 14867
23391 3076
23391 23372
23391 23401
5264 5011
7011 18378
7011 7535
11116 6010
7023 3519
4871 11491
4871 16108
4871 11213
7025 11588
7025 4342
7027 7052
7027 7221
2934 7416
9364 8009
35306 7508
35306 7215
7043 7072
7043 7083
7043 7439
12097 3691
2954 11641
7052 2644
7052 11254
7052 11641
7052 3221
2957 8059
2957 16364
2957 3038
11155 11159
11155 5451
11155 5425
11155 11170
23319 4039
23319 4081
23319 22934
23319 23610
22194 22252
22194 22257
22194 21526
11160 11159
11160 7566
11162 10142
11167 12166
11167 11213
11167 11346
11167 6051
7072 7087
7072 7083
2977 3012
11170 5583
2979 11424
7077 7272
7077 3173
497 3901
11178 7175
7084 2752
7084 7416
7084 7160
7084 7087
7085 12044
7085 12280
7087 3130
24079 29022
24079 7271
15284 659
15284 7199
19381 7546
19381 23585
19381 5233
18933 11416
13472 13496
13472 7434
7106 5409
7106 4484
7106 5397
7106 1491
15299 28482
15299 23975
15299 28488
7111 3073
11213 11216
11213 7148
11214 11220
11214 9412
20984 20783
20984 20976
20984 20977
20984 20987
20984 20989
20984 20991
27603 11248
27603 3362
27603 3901
15317 27299
15317 7271
15317 19691
15317 27919
3031 3761
10986 3749
10986 3818
10986 6071
3034 19941
5011 5409
5011 12045
3038 15472
3038 12115
3038 12228
7137 16308
20987 20993
20987 20994
20987 20976
20987 20977
20987 20783
20987 20989
20987 20991
3044 20026
3045 6815
16892 5587
11242 12285
11242 12278
7147 12072
7147 8009
7148 3429
7148 11420
16210 15907
16210 15895
16210 3608
11246 9412
20989 20993
20989 20994
20989 20976
20989 20977
20989 20783
20989 20991
11248 1407
11248 3752
11248 7581
7154 4352
7154 6114
7154 7108
3059 7442
3059 3271
11254 12120
11254 11791
11254 8093
11254 1309
11257 12118
13943 13469
20991 20993
20991 20994
20991 20783
20991 20976
20991 20977
3069 7896
3069 5715
15360 8797
3073 14645
11266 4037
11269 15693
11269 3055
3078 6978
3078 7218
7175 4582
7175 12200
3081 7566
15371 8009
20994 20993
20994 20783
20994 15472
20994 20977
20994 20976
15375 7226
15375 7903
13469 20176
13469 20026
13469 10173
11281 3691
11281 11468
22934 4039
22934 27182
22934 4081
22934 19121
22934 14781
22934 23613
11289 12246
17583 11760
17583 11751
17583 11771
17583 11757
17583 11759
7197 7518
23585 7546
23585 23589
3106 7498
4543 11468
11302 11303
11302 3922
11302 3827
3112 8075
3112 3271
11307 6787
11307 17622
11307 8028
5298 1553
5298 12210
30239 22804
15408 19826
15408 19821
7218 7507
7218 7195
7218 7837
7221 7924
7221 7943
7221 15400
7221 15549
13492 6546
23610 4039
23610 12043
23610 27182
23610 19121
23610 23613
23613 14781
15425 5562
7234 5562
7234 11962
3139 10168
11333 12895
14369 13496
3146 2721
3146 11715
5303 3212
5303 3907
5303 5915
7247 7750
3152 7568
11346 14647
11346 19257
18275 36256
18275 18351
18275 8535
18275 18378
6670 6656
6670 244
6670 7286
6670 7272
6670 11588
7255 5420
7259 14238
7260 3531
5989 10752
7267 6663
7271 6536
7272 3456
3181 11764
3181 11768
3181 11755
3181 11757
3181 12094
15472 12115
15472 12228
5310 24148
7286 2752
3199 6787
3201 19941
3201 12281
3201 3226
15493 7387
3206 7498
10336 11494
7309 3252
7309 3602
11406 11420
11406 4214
3219 1553
3219 5369
29022 19691
29022 5307
11416 11952
3226 7643
3226 19941
3226 12281
23709 22257
2149 3752
2149 6129
11424 20014
23713 24981
23713 28040
10779 6194
23716 3322
20976 20993
20976 20977
20976 20783
3255 12241
3255 1993
3258 7728
3258 12278
3258 12280
3258 12044
3258 23773
11455 1491
3269 7170
3269 8028
3271 3456
7381 2721
7381 8017
3275 23859
3275 12166
7377 2752
7377 6012
7377 23910
20977 20993
20977 20783
2013 19900
11477 7581
19676 7179
19676 8139
6010 7890
31969 11730
31969 20393
31969 28172
11491 16240
11491 16108
11491 16303
11494 1204
6012 6087
6012 15673
19691 5307
19691 1631
19697 21526
19697 4054
19697 7963
19697 23710
11511 8117
11512 12676
11512 12186
11512 11979
11512 11518
3322 12883
3322 7963
11518 11979
11518 11484
27904 27919
8064 26980
8064 21803
26980 21803
26980 26994
10114 6121
10114 12057
10114 3549
7442 7952
7442 7614
27182 12043
27182 4081
27182 14781
5840 11743
3362 2056
3362 3730
3362 16308
11559 6784
11559 20108
21526 7950
21526 22224
28482 28488
28482 23975
28482 28504
7496 11751
15693 6720
15693 23910
7508 7215
10752 3910
4665 7636
7514 12127
7518 5233
23910 3055
19821 19826
19821 7621
19826 7621
3444 1989
3444 3834
5019 9549
5354 1553
5354 16067
5354 12896
6720 7108
35304 7215
3462 7834
3462 12065
28040 22224
28040 7963
10158 10200
3471 28100
7568 7170
12118 1993
23958 28504
23959 23975
23959 28100
7581 8093
7581 12127
36256 7585
36256 18351
36256 18378
3494 28172
11690 3684
15899 15907
15899 15895
7606 13609
7607 7706
5397 5393
5397 1491
7611 7980
7611 20422
19900 6087
7614 7952
3519 20422
11715 5944
11715 7896
28100 20020
3529 19257
12120 11791
12120 1309
11730 20393
11730 28172
5369 5307
5369 11870
11737 2847
3549 4011
3549 3982
11743 16313
11743 12285
3558 11962
11751 11759
11751 11755
7656 12226
7656 5042
11754 11760
11754 1491
11754 11764
11754 11768
11754 11771
11754 11775
11755 11764
11755 11768
11755 11757
11755 11759
11757 11771
11757 11764
3566 7226
11759 11771
11759 11764
11759 11768
11760 11771
11760 11764
16296 16303
11764 11771
11768 11775
2644 3749
11771 11776
11771 11775
11775 11776
7681 7697
7681 12140
7684 7697
23715 22257
3590 3803
3590 5583
4695 3976
28172 20393
2847 12246
15895 15907
15895 3818
15897 15907
2097 618
11317 12226
11317 6815
15907 3818
7723 6787
20014 5425
8797 8066
20026 7943
12895 7896
12895 8042
11837 3769
11837 5835
3647 1981
11843 3809
11843 8012
1974 3055
7750 5420
6071 12065
6071 3896
3666 5042
8535 18378
13582 11540
24152 27083
4214 3910
11871 11952
20067 13609
20783 20993
6653 5583
1981 2016
1981 6121
5715 7896
12905 12915
618 10664
618 619
5562 8012
3730 5417
5307 27299
7834 3769
2016 6129
11938 11952
11938 11991
11938 11943
5835 3809
3749 3761
3749 6947
3750 3803
11945 11969
6087 7938
11948 11991
1993 12126
3769 6181
11968 22804
11969 11984
16067 7179
16067 7938
16067 22804
16067 8139
11979 12057
11979 12676
11979 7179
11979 17772
11984 22804
7179 12240
7179 8139
7172 5042
41044 28480
41044 28504
16108 16240
5583 5587
3832 12676
7938 3869
1553 12044
12676 17772
12043 4039
12043 4081
12044 12280
32530 28525
7957 23976
12072 5454
23859 12166
13496 13557
28480 28494
12115 6129
12115 12228
12122 12140
8042 16312
8042 16313
16240 8117
3976 7226
19121 4081
19121 4039
5444 20422
12186 17772
11947 12228
16312 16313
4039 4081
8139 12240
12241 22804
12278 12280
12278 12285
12280 12285
