0.4986 0.8367
0.8517 0.3399
0.2247 0.9676
0.5311 0.8902
0.4161 0.4372
0.9328 0.5778
0.874 0.8062
0.8623 0.7703
0.4407 0.2362
0.6834 0.9391
0.8169 0.1098
0.1188 0.2737
0.3337 0.7321
0.729 0.0638
0.7188 0.3126
0.6529 0.4393
0.1625 0.9497
0.8265 0.2906
0.9334 0.6875
0.6559 0.8111
0.4199 0.8363
0.8939 0.0815
0.8221 0.2277
0.4422 0.4739
0.91 0.528
0.2259 0.831
0.3696 0.5722
0.7445 0.4429
0.0596 0.0109
0.3973 0.3457
0.5879 0.0354
0.2458 0.7478
0.4438 0.791
0.5235 0.839
0.5809 0.5046
0.7872 0.4858
0.883 0.8726
0.2389 0.6557
0.1926 0.5097
0.0878 0.8106
0.3359 0.4899
0.2602 0.1359
0.9173 0.3375
0.7894 0.6058
0.3617 0.9876
0.2475 0.3289
0.1053 0.9413
0.5094 0.3708
0.8479 0.4809
0.6409 0.4248
0.4444 0.2408
0.6935 0.5153
0.8493 0.5854
0.542 0.7154
0.0288 0.4189
0.5201 0.586
0.6991 0.058
0.3353 0.7368
0.2334 0.546
0.1201 0.2327
0.7498 0.1711
0.2173 0.549
0.7505 0.6932
0.5224 0.0784
0.3696 0.1747
0.2376 0.1936
0.7708 0.6429
0.0055 0.3466
0.8807 0.8241
0.342 0.1989
0.4833 0.4264
0.4529 0.0645
0.3394 0.0952
0.9447 0.272
0.3787 0.7624
0.3467 0.8232
0.5487 0.3273
0.2216 0.885
0.2402 0.8886
0.7778 0.2605
0.7236 0.7466
0.2514 0.1677
0.7363 0.6109
0.7901 0.6764
0.206 0.8551
0.6896 0.0694
0.6001 0.8982
0.9405 0.8301
0.0978 0.2627
0.7784 0.8489
0.7817 0.1318
0.5732 0.8344
0.7412 0.5957
0.5813 0.8438
0.188 0.9381
0.9427 0.7828
0.1479 0.0503
0.3807 0.64
0.5977 0.567
0.0091 0.3273
0.6972 0.8926
0.0895 0.4023
0.5898 0.431
0.0875 0.2196
0.26 0.4436
0.9315 0.2148
0.765 0.039
0.4404 0.7321
0.2795 0.3492
0.6136 0.841
0.4286 0.9618
0.976 0.8434
0.0367 0.1948
0.7982 0.8061
0.9721 0.6924
0.5778 0.676
0.1289 0.3844
0.4768 0.7423
0.8311 0.0879
0.45 0.1226
0.3805 0.4782
0.9592 0.4135
0.061 0.2582
0.5198 0.6706
0.6497 0.1369
0.0111 0.8641
0.0617 0.9119
0.6264 0.3106
0.9158 0.4003
0.8465 0.5237
0.1169 0.3164
0.7736 0.9445
0.0006 0.9294
0.7435 0.8004
0.7898 0.104
0.3039 0.8134
0.57 0.5413
0.4107 0.2224
0.3907 0.708
0.556 0.0769
0.7357 0.6282
0.8899 0.2107
0.8745 0.0779
0.4931 0.1019
0.3631 0.5508
0.9584 0.0265
0.2744 0.0164
0.9816 0.966
0.9833 0.3288
0.105 0.9974
0.8026 0.4504
0.6385 0.0939
0.431 0.2736
0.1701 0.5801
0.7609 0.9776
0.399 0.3511
0.6466 0.1191
0.2481 0.0964
0.4826 0.2708
0.9547 0.9423
0.5799 0.134
0.9605 0.8678
0.6851 0.9491
0.5455 0.5149
0.423 0.637
0.2874 0.5281
0.2737 0.0626
0.775 0.8387
0.6162 0.2645
0.2956 0.4714
0.0419 0.1167
0.7546 0.5657
0.1123 0.064
0.3196 0.367
0.0648 0.9594
0.6601 0.9571
0.0762 0.482
0.389 0.103
0.7896 0.2026
0.8517 0.5497
0.9251 0.6058
0.2594 0.1312
0.7258 0.5611
0.1028 0.8905
0.4602 0.8017
0.5347 0.1397
0.4432 0.5916
0.4323 0.7243
0.8945 0.4588
0.675 0.6435
0.2337 0.2453
0.0508 0.1426
0.9477 0.2469
0.6592 0.3027
0.2107 0.0623
0.909 0.0858
0.2649 0.5996
0.8101 0.5942
0.1614 0.7211
0.6488 0.6941
0.0712 0.6462
0.7641 0.9376
0.1182 0.1035
0.5659 0.299
0.1395 0.0042
0.736 0.7444
0.342 0.6921
0.2329 0.7539
0.8016 0.9145
0.9627 0.1601
0.6977 0.1139
0.8892 0.8657
0.888 0.9265
0.5048 0.1981
0.9207 0.3869
0.5286 0.43
0.7046 0.743
0.856 0.5471
0.5691 0.8753
0.8023 0.527
0.4019 0.4305
0.1572 0.2162
0.6748 0.4109
0.3571 0.6008
0.2801 0.2229
0.0367 0.9391
0.297 0.5629
0.9223 0.1993
0.1358 0.0644
0.2066 0.0441
0.1755 0.9682
0.5184 0.2595
0.6978 0.7753
0.2794 0.6925
0.5861 0.8425
0.2271 0.1166
0.7357 0.245
0.8213 0.1257
0.2083 0.3551
0.3858 0.2141
0.0586 0.8561
0.8798 0.3992
0.095 0.3608
0.536 0.508
0.8592 0.1293
0.565 0.9454
0.9571 0.7573
0.3032 0.967
0.646 0.1003
0.6813 0.548
0.9625 0.4912
0.8778 0.8959
0.024 0.482
0.493 0.7941
0.6211 0.2107
0.2772 0.4326
0.2088 0.2188
0.3624 0.006
0.4947 0.7437
0.4914 0.694
0.6283 0.9168
0.6778 0.752
0.2771 0.8708
0.9737 0.9811
0.8525 0.2746
0.2812 0.2828
0.5882 0.6755
0.849 0.5682
0.0117 0.8872
0.5583 0.8178
0.4027 0.7793
0.6784 0.081
0.5216 0.0589
0.5221 0.3451
0.9666 0.0381
0.5541 0.159
0.6646 0.7874
0.2568 0.0314
0.5877 0.6075
0.008 0.3985
0.9967 0.3024
0.5538 0.2883
0.7454 0.8811
0.8123 0.0398
0.0513 0.3266
0.5437 0.1051
0.0768 0.4411
0.7997 0.4295
0.5551 0.5247
0.8196 0.9722
0.4663 0.5301
0.9387 0.2103
0.9143 0.5773
0.002 0.5301
0.0115 0.964
0.0149 0.9618
0.3428 0.9321
0.754 0.0842
0.5563 0.5863
0.9821 0.5942
0.2949 0.4906
0.7837 0.9152
0.1678 0.4239
0.9468 0.8842
0.2135 0.7838
0.0249 0.7444
0.7533 0.176
0.8156 0.0541
0.9427 0.1895
0.3699 0.2936
0.407 0.8774
0.1321 0.1541
0.2962 0.0044
0.02 0.8342
0.1828 0.4913
0.236 0.0046
0.3591 0.4121
0.0271 0.6878
0.5421 0.2011
0.103 0.0988
0.8486 0.8139
0.5599 0.9552
0.7105 0.9864
0.3375 0.5324
0.4101 0.7999
0.1144 0.13
0.7436 0.2072
0.9165 0.8964
0.5668 0.3447
0.2711 0.8349
0.8793 0.7071
0.5053 0.3252
0.387 0.3898
0.504 0.8277
0.6463 0.3447
0.5724 0.5267
0.8849 0.8205
0.3998 0.6763
0.7546 0.5089
0.3594 0.8575
0.8933 0.8551
0.8316 0.1741
0.0736 0.3764
0.82 0.2474
0.8039 0.4352
0.5511 0.3022
0.3176 0.9572
0.1637 0.4131
0.1814 0.5676
0.296 0.73
0.6412 0.6432
0.2185 0.7437
0.5852 0.2426
0.4162 0.5068
0.1062 0.3735
0.7655 0.7848
0.8179 0.2157
0.1629 0.8136
0.1875 0.6787
0.4009 0.2593
0.6091 0.8684
0.3629 0.9761
0.3686 0.302
0.2228 0.1339
0.2899 0.7661
0.5099 0.3946
0.6989 0.0631
0.8168 0.0169
0.6217 0.7237
0.6961 0.2846
0.1017 0.6866
0.8121 0.7721
0.4183 0.618
0.777 0.6125
0.4672 0.7107
0.5661 0.9785
0.8357 0.8403
0.6101 0.9965
0.6793 0.9197
0.3698 0.6554
0.8747 0.1432
0.5032 0.2197
0.7489 0.1802
0.9332 0.8792
0.04 0.5449
0.1779 0.3028
0.6249 0.5565
0.6742 0.7955
0.1601 0.64
0.5348 0.0778
0.3511 0.395
0.2753 0.0925
0.3834 0.2461
0.3256 0.1286
0.1977 0.236
0.0515 0.6408
0.8964 0.1123
0.7981 0.9365
0.0434 0.944
0.2936 0.321
0.099 0.5748
0.6049 0.2992
0.3956 0.6297
0.6508 0.5411
0.1283 0.5134
0.0237 0.1833
0.0706 0.6212
0.8823 0.7007
0.659 0.7633
0.1721 0.1082
0.0487 0.564
0.2159 0.789
0.0429 0.5515
0.4759 0.1253
0.9652 0.212
0.3218 0.0259
0.378 0.7742
0.15 0.2879
0.8817 0.1007
0.546 0.6879
0.5858 0.1979
0.5443 0.3228
0.796 0.9758
0.1504 0.7901
0.9759 0.6148
0.6948 0.2099
0.4319 0.4338
0.5238 0.1426
0.5239 0.8739
0.4419 0.2773
0.431 0.1398
0.2744 0.7526
0.5078 0.4302
0.29 0.8653
0.0577 0.7549
0.3628 0.952
0.929 0.3815
0.3615 0.0735
0.1584 0.6876
0.5371 0.3536
0.2132 0.0669
0.7232 0.2814
0.9245 0.9553
0.7874 0.4668
0.5591 0.6116
0.3008 0.606
0.944 0.7082
0.6455 0.4219
0.1003 0.5272
0.8094 0.5973
0.6701 0.6667
0.6415 0.9967
0.6114 0.0777
0.976 0.8201
0.6046 0.3058
0.944 0.3116
0.1386 0.9667
0.4094 0.0033
0.2674 0.9786
0.4017 0.0231
0.2942 0.7573
0.0381 0.2599
0.7228 0.5359
0.2508 0.7247
0.3109 0.1124
0.8097 0.5806
0.5677 0.9739
0.0214 0.6261
0.5032 0.2149
0.9662 0.0792
0.6183 0.1449
0.322 0.844
0.8112 0.1966
0.7681 0.4699
0.1834 0.1961
0.1938 0.2951
0.4757 0.3112
0.2372 0.4173
0.8338 0.2968
0.5016 0.339
0.9358 0.1623
0.0933 0.9841
0.7887 0.759
0.4223 0.9763
0.3772 0.955
0.4675 0.1316
0.3812 0.2679
0.9105 0.268
0.8922 0.9985
0.9016 0.595
0.9854 0.3189
0.7973 0.4373
0.3726 0.7204
0.4423 0.3254
0.0609 0.7726
0.4098 0.386
0.2546 0.0606
0.1295 0.8482
0.2919 0.8452
0.9941 0.8315
0.5392 0.7001
0.4036 0.9742
0.8912 0.4688
0.2152 0.618
0.9843 0.3381
0.8538 0.7833
0.6404 0.2319
0.0545 0.9723
0.8862 0.5566
0.5279 0.3878
0.618 0.1268
0.881 0.353
0.889 0.6228
0.9589 0.0698
0.4984 0.9759
0.8441 0.5795
0.17 0.153
0.1905 0.3477
0.9987 0.5866
0.2542 0.7848
0.698 0.189
0.4422 0.9147
0.8691 0.924
0.1549 0.0643
0.4505 0.2216
0.5711 0.6518
0.6234 0.1514
0.3146 0.6776
0.0707 0.145
0.69 0.804
0.5285 0.027
0.9421 0.7406
0.1432 0.8389
0.2701 0.1103
0.6198 0.1988
0.0161 0.1584
0.2545 0.0096
0.53 0.4124
0.6213 0.373
0.2978 0.1736
0.5174 0.47
0.2351 0.1367
0.1297 0.0731
0.2758 0.4507
0.1078 0.0683
0.4831 0.8986
0.4791 0.984
0.013 0.7346
0.0219 0.0766
0.1213 0.9051
0.6039 0.2725
0.8121 0.6781
0.0031 0.5315
0.5929 0.3387
0.8976 0.4457
0.6178 0.6719
0.2656 0.506
0.5089 0.9311
0.6338 0.4652
0.4067 0.3925
0.4266 0.7297
0.9437 0.7924
0.751 0.0014
0.1 0.0057
0.121 0.3462
0.0927 0.0057
0.1236 0.9296
0.6229 0.76
0.4562 0.5274
0.3601 0.4625
0.725 0.8711
0.7953 0.597
0.7149 0.2328
0.929 0.5089
0.5498 0.6557
0.8968 0.4265
0.9402 0.1508
0.9211 0.6437
0.3313 0.3191
0.722 0.0825
0.6637 0.4541
0.2274 0.3918
0.184 0.2192
0.6751 0.9249
0.5667 0.6784
0.0065 0.7031
0.0272 0.2337
0.6925 0.354
0.1651 0.4361
0.707 0.8497
0.5988 0.542
0.3112 0.9025
0.18 0.8079
0.3046 0.8462
0.8946 0.0359
0.7378 0.7261
0.0056 0.1732
0.6952 0.5442
0.7736 0.1161
0.5048 0.4056
0.8712 0.3579
0.6189 0.4651
0.4903 0.0691
0.063 0.8434
0.5599 0.4751
0.838 0.482
0.122 0.6012
0.8188 0.9054
0.7896 0.6454
0.7204 0.601
0.3483 0.9022
0.4013 0.7691
0.6536 0.5331
0.4635 0.8113
0.3994 0.1816
0.7701 0.331
0.6462 0.2257
0.4032 0.6299
0.4727 0.7628
0.8325 0.3964
0.5112 0.6892
0.7448 0.0395
0.1533 0.8693
0.9289 0.7686
0.6636 0.3342
0.8011 0.1093
0.1713 0.6161
0.5137 0.2328
0.7476 0.9587
0.7091 0.7843
0.328 0.4285
0.9875 0.4074
0.9365 0.9057
0.9798 0.2429
0.4097 0.0668
0.4442 0.8213
0.4738 0.3001
0.8642 0.258
0.5038 0.71
0.0866 0.9139
0.4266 0.7063
0.0011 0.3489
0.7616 0.3481
0.1142 0.5373
0.9216 0.284
0.4364 0.6851
0.9512 0.4085
0.4936 0.5773
0.2051 0.7261
0.4498 0.6466
0.6661 0.757
0.4197 0.3155
0.0979 0.0581
0.5326 0.6739
0.0558 0.6189
0.6742 0.8092
0.8504 0.7537
0.8295 0.936
0.6413 0.3002
0.6124 0.8991
0.8754 0.0426
0.6379 0.1442
0.6276 0.5563
0.779 0.649
0.3736 0.9448
0.8146 0.619
0.2016 0.5183
0.295 0.2018
0.2536 0.0283
0.5436 0.7554
0.418 0.2863
0.5613 0.7914
0.9763 0.4614
0.6624 0.2251
0.175 0.1462
0.5949 0.6276
0.043 0.0202
0.8001 0.4191
0.7545 0.3915
0.0383 0.1607
0.9393 0.2458
0.258 0.558
0.4647 0.7075
0.2928 0.1725
0.9545 0.157
0.1979 0.2868
0.49 0.3301
0.0799 0.6765
0.9501 0.3206
0.6234 0.1439
0.8011 0.0267
0.7897 0.0359
0.3606 0.9222
0.9067 0.6959
0.2314 0.5156
0.4666 0.4575
0.7677 0.143
0.3163 0.5474
0.8894 0.2514
0.7695 0.7545
0.5698 0.3253
0.3875 0.5622
0.1422 0.7886
0.8402 0.6117
0.9283 0.8964
0.9854 0.3344
0.8884 0.9203
0.083 0.0338
0.6359 0.2256
0.2483 0.4851
0.4534 0.3129
0.3813 0.0089
0.5933 0.8664
0.326 0.928
0.3206 0.2266
0.3674 0.1757
0.4786 0.8536
0.0557 0.2836
0.3824 0.1552
0.2077 0.2203
0.9667 0.9542
0.226 0.6449
0.2079 0.2273
0.4386 0.6415
0.8546 0.4493
0.8147 0.0575
0.5868 0.1161
0.4706 0.9869
0.4835 0.5156
0.6062 0.8041
0.5962 0.5959
0.5601 0.4928
0.8669 0.016
0.0683 0.2112
0.2424 0.2358
0.0879 0.6819
0.2204 0.1279
0.7868 0.5206
0.0392 0.7402
0.9982 0.8327
0.6864 0.4751
0.1324 0.1451
0.6241 0.5831
0.5352 0.7778
0.2423 0.1622
0.6439 0.5374
0.5362 0.7903
0.7304 0.8293
0.7579 0.6765
0.604 0.5123
0.4709 0.8685
0.7706 0.8405
0.6718 0.0273
0.6941 0.5052
0.9978 0.0202
0.6589 0.1937
0.5346 0.527
0.8643 0.1525
0.9128 0.0312
0.5924 0.1014
0.0255 0.3859
0.1544 0.7532
0.6088 0.7355
0.0306 0.7271
0.292 0.8432
0.9726 0.1008
0.6733 0.5755
0.2054 0.7303
0.7771 0.7064
0.5431 0.0975
0.7066 0.5031
0.3126 0.159
0.6716 0.7542
0.1126 0.8509
0.5969 0.638
0.0707 0.1881
0.3168 0.0507
0.3996 0.3251
0.0333 0.9129
0.8458 0.8769
0.1119 0.349
0.124 0.4739
0.3206 0.4012
0.7082 0.4693
0.9784 0.0409
0.5799 0.9513
0.4408 0.5877
0.6102 0.5231
0.8141 0.6436
0.3014 0.4753
0.225 0.5934
0.7568 0.983
0.9994 0.2625
0.5545 0.0121
0.6145 0.0948
0.3357 0.2876
0.5955 0.6463
0.7002 0.211
0.0437 0.3289
0.3217 0.6102
0.3087 0.1252
0.8763 0.5284
0.3103 0.4817
0.0498 0.4203
0.3887 0.1906
0.0812 0.1103
0.8199 0.8866
0.4338 0.8481
0.5897 0.6535
0.0467 0.7546
0.1492 0.9411
0.7649 0.8512
0.5846 0.9051
0.0343 0.2589
0.2912 0.3972
0.4569 0.9216
0.6656 0.9123
0.4508 0.5399
0.3166 0.9519
0.0831 0.3283
0.4857 0.3445
0.403 0.1407
0.163 0.6173
0.5568 0.6364
0.894 0.1285
0.0041 0.1405
0.9724 0.0794
0.3347 0.9324
0.6291 0.7991
0.2702 0.6973
0.0334 0.0621
0.382 0.2422
0.7943 0.8723
0.3258 0.4987
0.9175 0.7881
0.1101 0.0713
0.6434 0.2032
0.3085 0.1415
0.4579 0.5611
0.0189 0.9176
0.1016 0.8601
0.7113 0.576
0.2738 0.0832
0.8369 0.4376
0.8561 0.7896
0.5939 0.8213
0.7526 0.1356
0.1289 0.2617
0.4232 0.999
0.9713 0.5042
0.7023 0.4992
0.5048 0.4825
0.5621 0.9504
0.3078 0.2694
0.1853 0.1615
0.7089 0.4282
0.1558 0.6969
0.8381 0.7256
0.0109 0.8792
0.1898 0.4929
0.8071 0.293
0.3528 0.508
0.9356 0.3149
0.5416 0.9748
0.6238 0.2216
0.3471 0.3182
0.9679 0.1694
0.1964 0.6091
0.473 0.7124
0.068 0.7907
0.6298 0.4188
0.0305 0.3041
0.1689 0.2486
0.8249 0.448
0.0575 0.0835
0.5583 0.9566
0.7848 0.3886
0.8397 0.5085
0.0503 0.289
0.6839 0.4806
0.6788 0.2213
0.6943 0.305
0.8703 0.5648
0.6403 0.9729
0.5386 0.7246
0.5725 0.9212
0.6973 0.4614
0.9078 0.6516
0.2866 0.0167
0.9234 0.3217
0.4359 0.5601
0.5789 0.93
0.1055 0.408
0.6767 0.29
0.7002 0.8998
0.5533 0.9602
0.7038 0.6809
0.9038 0.9759
0.9786 0.3356
0.8475 0.5808
0.656 0.7787
0.8335 0.476
0.0491 0.4451
0.0566 0.8285
0.945 0.5106
0.0621 0.9413
0.6783 0.0427
0.5251 0.6972
0.3337 0.1233
0.376 0.8676
0.8639 0.9779
0.6868 0.5424
0.5616 0.6962
0.4361 0.0919
0.0641 0.1714
0.6654 0.8502
0.8329 0.9803
0.1499 0.8307
0.5981 0.1368
0.0922 0.0031
0.4571 0.728
0.6233 0.9575
0.9919 0.7867
0.4499 0.1018
0.1825 0.7026
0.8772 0.1061
0.7313 0.732
0.2545 0.1712
0.9007 0.8224
0.2761 0.7333
0.9282 0.6053
0.076 0.4715
0.7483 0.2753
0.698 0.1913
0.569 0.5791
0.6147 0.2592
0.3359 0.7641
0.8781 0.7175
0.0742 0.8375
0.1814 0.3984
0.3071 0.6862
0.3636 0.9363
0.5092 0.2209
0.0278 0.5915
0.7076 0.4747
0.1345 0.3232
0.0917 0.823
0.1091 0.2874
0.062 0.3707
0.7949 0.7444
0.8928 0.3666
0.2392 0.8706
0.0364 0.5107
0.3285 0.3698
0.7813 0.8491
0.7158 0.4025
0.021 0.7046
0.9171 0.0056
0.032 0.5545
0.204 0.5544
0.0752 0.7976
0.5317 0.8226
0.6559 0.0366
0.8087 0.0924
0.2388 0.4201
0.5464 0.4732
0.9675 0.2278
0.3284 0.2641
0.1374 0.3097
0.8185 0.5503
0.784 0.7918
0.2742 0.2782
0.7014 0.5327
0.935 0.4796
0.9159 0.3306
0.1907 0.1631
0.5303 0.7504
0.6401 0.6299
0.3045 0.6452
0.3447 0.9153
0.0308 0.2042
0.889 0.4456
0.5794 0.9542
0.2301 0.8253
0.0824 0.5679
0.2527 0.8412
0.7304 0.8235
0.3521 0.625
0.9149 0.4983
0.3397 0.4555
0.2352 0.4953
0.8408 0.3924
0.0761 0.8911
0.3382 0.3826
0.5379 0.6914
0.3201 0.7525
0.2173 0.1686
0.7806 0.6243
0.8728 0.2545
0.3604 0.4302
0.2621 0.3643
0.9328 0.8819
0.0399 0.2606
0.9972 0.5895
0.0241 0.3611
0.5638 0.4784
0.4998 0.615
0.8416 0.7349
0.662 0.8014
0.2383 0.4027
0.5974 0.9838
0.5284 0.3639
0.962 0.8764
0.027 0.5146
0.8511 0.7323
0.1393 0.1208
0.4475 0.5141
0.8683 0.6405
0.0915 0.5913
0.6981 0.3765
0.5418 0.8955
0.0506 0.8174
0.1854 0.8079
0.654 0.0169
0.1548 0.5141
0.8286 0.2209
0.6235 0.8164
0.1526 0.7321
0.7222 0.7216
0.532 0.7096
0.768 0.3689
0.6627 0.835
0.014 0.8917
0.2705 0.2428
0.9648 0.8885
0.1716 0.7186
0.501 0.1048
0.6534 0.5615
0.6176 0.9295
0.8884 0.7438
0.1837 0.4188
0.128 0.3911
0.413 0.6988
0.2064 0.9898
0.2846 0.9236
0.887 0.8736
0.3372 0.8505
0.7338 0.1513
0.4994 0.0143
0.7124 0.1774
0.0699 0.6307
0.404 0.1211
0.0281 0.7724
0.7009 0.5734
0.9038 0.8219
0.9359 0.1156
0.9571 0.7593
0.8204 0.1044
0.7316 0.1763
0.8408 0.4461
0.1466 0.3645
0.564 0.0739
0.5296 0.5002
0.5968 0.276
0.8756 0.6016
0.568 0.5203
0.0916 0.759
0.8539 0.7277
0.3112 0.0736
0.9152 0.6701
0.2062 0.8702
0.4169 0.4561
0.7567 0.1762
0.4564 0.5924
0.5021 0.8302
0.9838 0.7764
0.4759 0.8126
0.5449 0.4054
0.9546 0.8169
0.8303 0.6534
0.9704 0.5495
0.4026 0.5353
0.0799 0.2522
0.5604 0.6498
0.0192 0.5329
0.0037 0.9399
0.0318 0.0246
0.4946 0.8135
0.3657 0.4596
0.0142 0.3946
0.3074 0.4069
0.882 0.9444
0.7158 0.5595
0.8043 0.0409
0.6006 0.4586
0.3637 0.3376
0.1122 0.1221
0.5849 0.036
0.5202 0.5401
0.9068 0.7047
0.8299 0.3968
0.9761 0.2224
0.7588 0.4283
0.6978 0.8707
0.674 0.33
0.2719 0.9952
0.0826 0.294
0.5365 0.3785
0.7681 0.7225
0.3769 0.3394
0.3821 0.5324
0.5498 0.3827
0.0581 0.0753
0.2302 0.9869
0.8855 0.639
0.7336 0.8182
0.5995 0.8731
0.744 0.0737
0.3237 0.411
0.9673 0.9085
0.8189 0.168
0.3763 0.7695
0.4359 0.8068
0.0987 0.5835
0.1458 0.5153
0.0327 0.5676
0.5041 0.26
0.3814 0.9867
0.045 0.5219
0.2307 0.3322
0.3701 0.4698
0.9766 0.1203
0.0562 0.118
0.8938 0.0706
0.7031 0.443
0.5609 0.5907
0.3027 0.2913
0.0012 0.4671
0.8488 0.5092
0.0423 0.094
0.02 0.3726
0.0787 0.0672
0.3505 0.5777
0.451 0.8183
0.7081 0.3483
0.211 0.6844
0.0429 0.9412
0.7792 0.2037
0.8016 0.3219
0.9774 0.6889
0.285 0.5895
0.9519 0.2455
0.3947 0.9894
0.6357 0.2517
0.1359 0.0279
0.6539 0.2682
0.3733 0.5301
0.0489 0.1845
0.3056 0.1191
0.9898 0.4549
0.5436 0.6652
0.0927 0.8256
0.3953 0.4889
0.1181 0.4645
0.9425 0.5206
0.3817 0.4649
0.9994 0.9387
0.6002 0.6815
0.9978 0.9271
0.7015 0.5759
0.1551 0.6631
0.0306 0.4102
0.5499 0.6917
0.3487 0.7901
0.4487 0.445
0.5106 0.2635
0.0916 0.4038
0.432 0.0337
0.6363 0.1233
0.5959 0.9469
0.6159 0.3874
0.9559 0.0527
0.992 0.2518
0.5314 0.0859
0.3991 0.5826
0.5342 0.7203
0.9926 0.8148
0.4884 0.7831
0.6735 0.4301
0.3811 0.3194
0.3882 0.793
0.4268 0.011
0.0404 0.9864
0.9886 0.728
0.7243 0.0738
0.1088 0.2267
0.9667 0.2391
0.5749 0.9714
0.9543 0.1131
0.2402 0.8093
0.2593 0.516
0.2396 0.0971
0.0221 0.2823
0.8797 0.4213
0.5896 0.8107
0.1186 0.2802
0.4147 0.1134
0.0479 0.1601
0.7188 0.7819
0.2675 0.0601
0.0698 0.1769
0.2146 0.4806
0.6594 0.2068
0.4346 0.8591
0.2051 0.6104
0.8335 0.6476
0.166 0.5059
0.7028 0.532
0.5323 0.2744
0.7168 0.1029
0.2311 0.0573
0.8705 0.3588
0.1817 0.7903
0.7307 0.1041
0.9267 0.4981
0.8833 0.2527
0.8445 0.5413
0.4366 0.1166
0.8395 0.5351
0.6991 0.7612
0.0437 0.8045
0.3094 0.5001
0.9171 0.7908
0.7055 0.9981
0.2581 0.0866
0.2683 0.2676
0.1431 0.2817
0.9163 0.0259
0.3532 0.5862
0.4452 0.6118
0.593 0.059
0.3149 0.465
0.9909 0.3701
0.7931 0.9384
0.0922 0.75
0.6018 0.301
0.0635 0.0737
0.5954 0.0716
0.1605 0.3289
0.6985 0.1397
0.8007 0.6657
0.0322 0.2655
0.278 0.6304
0.3424 0.4544
0.6235 0.9169
0.4865 0.7954
0.607 0.8146
0.5427 0.0088
0.5179 0.8569
0.662 0.7629
0.5644 0.3886
0.6817 0.1827
0.2275 0.6026
0.3512 0.0559
0.9411 0.5097
0.9556 0.5904
0.0263 0.7517
0.315 0.4644
0.6218 0.5529
0.7165 0.4011
0.1537 0.4744
0.1674 0.9911
0.6476 0.0713
0.5917 0.0458
0.3382 0.4662
0.3707 0.6343
0.8239 0.2954
0.1263 0.6622
0.3613 0.6695
0.0321 0.2989
0.3847 0.3777
0.7421 0.2887
0.0624 0.4569
0.5933 0.7652
0.3694 0.7575
0.2371 0.2206
0.0402 0.1804
0.5271 0.6646
0.8562 0.2421
0.9125 0.1541
0.2899 0.1756
0.7454 0.6692
0.6045 0.6698
0.7828 0.8168
0.3733 0.5345
0.0388 0.0695
0.5456 0.5737
0.9879 0.5527
0.8543 0.6808
0.7114 0.6579
0.0016 0.2935
0.1556 0.1844
0.4947 0.6762
0.6269 0.9105
0.1069 0.5794
0.1096 0.6029
0.3156 0.3501
0.9991 0.8932
0.6512 0.3524
0.1173 0.7011
0.3001 0.8312
0.57 0.9939
0.5822 0.8746
0.1605 0.6806
0.8443 0.3226
0.4434 0.1103
0.7964 0.6575
0.5838 0.9585
0.3978 0.8447
0.1137 0.1054
0.0243 0.8145
0.768 0.1298
0.2749 0.8677
0.6342 0.5793
0.3656 0.5584
0.2428 0.3314
0.7769 0.4238
0.0111 0.2631
0.9686 0.7016
0.4384 0.7055
0.3316 0.9303
0.6021 0.6695
0.8893 0.6712
0.1428 0.3109
0.0056 0.0534
0.5512 0.372
0.9129 0.1167
0.6535 0.055
0.5958 0.3036
0.8568 0.9669
0.1149 0.2356
0.7218 0.7441
0.636 0.96
0.5255 0.3016
0.8767 0.3805
0.9215 0.2057
0.4046 0.6698
0.6992 0.9092
0.5934 0.0354
0.8816 0.9016
0.0073 0.7133
0.4932 0.5502
0.2506 0.5079
0.4644 0.4448
0.6564 0.319
0.2448 0.9171
0.7765 0.3095
0.5682 0.0485
0.4576 0.8407
0.3937 0.7058
0.9063 0.6679
0.9729 0.5507
0.2968 0.0276
0.7982 0.9271
0.0988 0.3178
0.9224 0.0411
0.4344 0.6081
0.0939 0.5742
0.5793 0.7651
0.0378 0.9385
0.0776 0.8318
0.4084 0.0487
0.6378 0.1427
0.9754 0.646
0.362 0.5868
0.609 0.1808
0.4496 0.9432
0.4707 0.0304
0.4033 0.6984
0.9495 0.4013
0.5144 0.6226
0.8645 0.9626
0.3398 0.7204
0.6867 0.6464
0.0711 0.4342
0.402 0.7988
0.9889 0.6693
0.283 0.8272
0.6857 0.6613
0.5232 0.2744
0.5046 0.4378
0.9926 0.9415
0.3712 0.6489
0.3422 0.2984
0.6841 0.7929
0.8462 0.5889
0.0577 0.8657
0.5464 0.2187
0.4375 0.1428
0.5378 0.8963
0.5845 0.4183
0.7502 0.2499
0.1546 0.5799
0.531 0.4362
0.4514 0.2134
0.4216 0.5623
0.3885 0.6172
0.7247 0.6621
0.3244 0.0914
0.5664 0.0557
0.0286 0.2294
0.6819 0.4744
0.7962 0.661
0.4964 0.2593
0.0285 0.2784
0.0497 0.1043
0.0259 0.768
0.0416 0.8341
0.7108 0.0485
0.1208 0.91
0.3722 0.8815
0.7627 0.9798
0.8322 0.1933
0.0738 0.4115
0.9731 0.2194
0.4063 0.7025
0.1364 0.6057
0.5478 0.3422
0.7703 0.2361
0.1585 0.2199
0.0684 0.2776
0.2832 0.8318
0.8092 0.7819
0.7461 0.2643
0.5556 0.9885
0.6376 0.0086
0.1706 0.5391
0.13 0.774
0.7293 0.8868
0.0942 0.1082
0.8196 0.1005
0.8252 0.2073
0.6534 0.872
0.7971 0.3475
0.0691 0.305
0.3033 0.7905
0.7407 0.9597
0.711 0.0219
0.9924 0.8056
0.1105 0.9165
0.1941 0.321
0.0355 0.0892
0.0206 0.1782
0.7308 0.0445
0.7334 0.4426
0.8921 0.1179
0.6859 0.5854
0.1748 0.1438
0.3926 0.3432
0.3269 0.1327
0.9605 0.6099
0.8786 0.963
0.787 0.3254
0.7098 0.4607
0.135 0.5222
0.1772 0.5347
0.4552 0.0972
0.8145 0.7995
0.1275 0.0387
0.3223 0.2196
0.0351 0.3804
0.9665 0.0192
0.2958 0.772
0.3421 0.9586
0.3736 0.5806
0.8984 0.2863
0.4583 0.8074
0.7351 0.6707
0.5037 0.6158
0.341 0.7064
0.8471 0.8878
0.2538 0.6196
0.1201 0.0257
0.5234 0.1269
0.322 0.2002
0.9164 0.5559
0.8812 0.9189
0.2752 0.2744
0.502 0.1452
0.9646 0.3074
0.9303 0.6107
0.3904 0.9913
0.5004 0.4391
0.6725 0.8731
0.2704 0.7355
0.8091 0.1567
0.5416 0.3619
0.6727 0.052
0.7523 0.5353
0.4566 0.6658
0.4821 0.6202
0.0249 0.7328
0.2281 0.3601
0.2852 0.7251
0.3365 0.2592
0.8866 0.29
0.2167 0.1517
0.5309 0.6983
0.7891 0.5472
0.7568 0.3199
0.852 0.6766
0.8158 0.0453
0.4402 0.1784
0.4816 0.48
0.5881 0.3953
0.4717 0.3767
0.451 0.5914
0.9865 0.7503
0.3317 0.5162
0.5921 0.7265
0.7595 0.8876
0.1657 0.6882
0.0077 0.9501
0.167 0.9135
0.8822 0.8846
0.085 0.4967
0.7944 0.8848
0.156 0.593
0.9035 0.5277
0.5846 0.9646
0.3847 0.502
0.7033 0.1829
0.4942 0.1021
0.0349 0.408
0.6291 0.4846
0.1088 0.8895
0.1891 0.7503
0.2779 0.8952
0.9249 0.2192
0.3777 0.2075
0.3619 0.3005
0.638 0.6016
0.3867 0.587
0.5107 0.7985
0.777 0.0982
0.5768 0.5844
0.4585 0.6581
0.4306 0.8454
0.0648 0.8762
0.0278 0.9953
0.1819 0.8915
0.1251 0.5748
0.0129 0.4364
0.6735 0.6914
0.2741 0.1617
0.41 0.2977
0.3443 0.4676
0.6407 0.9031
0.4044 0.1401
0.8448 0.3351
0.6911 0.421
0.5462 0.3448
0.5669 0.2188
0.7008 0.1205
0.3576 0.6684
0.4104 0.969
0.2811 0.0539
0.3339 0.1972
0.9779 0.274
0.7556 0.2112
0.8611 0.8863
0.6065 0.2577
0.1615 0.5469
0.1404 0.5498
0.8721 0.8456
0.3676 0.1793
0.8451 0.742
0.3007 0.9853
0.0952 0.527
0.4731 0.6545
0.3934 0.0642
0.7983 0.7463
0.6023 0.0271
0.8604 0.3537
0.1423 0.0487
0.2617 0.1974
0.9263 0.6085
0.3033 0.3392
0.352 0.4867
0.2264 0.5742
0.7653 0.0311
0.5104 0.1782
0.773 0.1763
0.8604 0.1674
0.0849 0.8236
0.3581 0.0966
0.798 0.879
0.7494 0.7784
0.2559 0.4373
0.7274 0.3537
0.7113 0.6766
0.2755 0.5191
0.0062 0.974
0.6987 0.3469
0.5175 0.1474
0.8958 0.9327
0.559 0.4704
0.8717 0.0726
0.4099 0.4815
0.789 0.7843
0.9474 0.4079
0.0858 0.6464
0.1067 0.1709
0.5102 0.7978
0.4697 0.4824
0.4554 0.5156
0.3936 0.3881
0.2657 0.3291
0.2329 0.337
0.4235 0.1698
0.688 0.1044
0.8057 0.0997
0.0542 0.7891
0.1101 0.6393
0.1 0.521
0.8112 0.1458
0.2428 0.4034
0.2452 0.8084
0.822 0.8019
0.1314 0.2042
0.4896 0.5617
0.1808 0.3016
0.0661 0.4981
0.6096 0.0896
0.5944 0.3941
0.2808 0.7049
0.8023 0.0363
0.6964 0.168
0.4697 0.9444
0.5455 0.406
0.6513 0.7391
0.5073 0.784
0.9348 0.4605
0.0799 0.9744
0.9294 0.4699
0.5487 0.482
0.6613 0.347
0.0798 0.9864
0.1017 0.7819
0.2462 0.9354
0.0662 0.0163
0.3049 0.2558
0.1917 0.288
0.7522 0.1452
0.3199 0.8586
0.5273 0.927
0.8349 0.538
0.7422 0.1085
0.8316 0.7945
0.7717 0.1907
0.0817 0.5111
0.1146 0.6105
0.3338 0.1694
0.5238 0.4383
0.6799 0.6646
0.3881 0.8723
0.4498 0.1315
0.0613 0.8735
0.9661 0.8986
0.7284 0.5748
0.6593 0.329
0.7678 0.0957
0.43 0.9778
0.5664 0.5584
0.229 0.8691
0.4862 0.4835
0.8802 0.9472
0.9193 0.7525
0.9345 0.5945
0.7556 0.0318
0.8774 0.9762
0.8704 0.8357
0.1629 0.4085
0.1315 0.3017
0.4162 0.0631
0.3636 0.7726
0.7846 0.2036
0.195 0.911
0.919 0.9265
0.5857 0.2857
0.0396 0.6148
0.0843 0.553
0.6499 0.1654
0.3741 0.0972
0.3253 0.9899
0.8671 0.28
0.7273 0.154
0.6682 0.9102
0.8748 0.1881
0.2109 0.2933
0.4092 0.342
0.2233 0.8533
0.9996 0.6228
0.932 0.4592
0.3366 0.9669
0.6076 0.8852
0.8605 0.3436
0.1323 0.547
0.4885 0.1169
0.9733 0.8165
0.5533 0.6368
0.8503 0.1379
0.6283 0.1786
0.7564 0.5448
0.1994 0.7235
0.3842 0.874
0.2399 0.7066
0.5582 0.6233
0.3943 0.1678
0.4518 0.9931
0.7218 0.0135
0.5272 0.3087
0.3558 0.6016
0.755 0.9105
0.8258 0.1373
0.0224 0.9859
0.4608 0.4032
0.056 0.4434
0.8493 0.1313
0.3154 0.8266
0.8566 0.6475
0.5254 0.767
0.9545 0.7805
0.7985 0.1937
0.9448 0.392
0.1165 0.1976
0.7905 0.1446
0.3889 0.2645
0.4514 0.2882
0.0706 0.7147
0.4704 0.6669
0.1226 0.566
0.4662 0.4296
0.0915 0.3943
0.2136 0.8471
0.3735 0.9519
0.632 0.3612
0.9407 0.3744
0.4302 0.2054
0.7971 0.7991
0.5555 0.6108
0.0892 0.0216
0.5881 0.4854
0.0061 0.7789
0.5718 0.8834
0.0615 0.884
0.8089 0.1789
0.3331 0.6771
0.0569 0.2832
0.1259 0.7692
0.6945 0.7647
0.0206 0.8755
0.7473 0.6729
0.8892 0.1917
0.1017 0.1848
0.3382 0.804
0.0897 0.1895
0.9455 0.2646
0.8453 0.1939
0.1972 0.5442
0.5265 0.3076
0.182 0.395
0.0563 0.1405
0.5398 0.0777
0.2031 0.1823
0.5769 0.6028
0.4212 0.9954
0.1632 0.4701
0.0004 0.2277
0.4782 0.0591
0.4974 0.6299
0.8483 0.3678
0.922 0.3197
0.4111 0.761
0.1725 0.3908
0.847 0.4946
0.7068 0.6837
0.0599 0.5167
0.4344 0.6961
0.621 0.8334
0.9201 0.9082
0.2773 0.3918
0.0552 0.2259
0.3256 0.8732
0.9021 0.9489
0.2508 0.4765
0.6662 0.1439
0.3205 0.2081
0.0377 0.6606
0.7455 0.0841
0.3763 0.1533
0.9523 0.1959
0.4603 0.6378
0.3656 0.7463
0.5945 0.9416
0.3791 0.2959
0.8501 0.9531
0.1916 0.5585
0.2171 0.8533
0.6896 0.1116
0.2004 0.8946
0.8376 0.4707
0.2933 0.2445
0.2186 0.3162
0.9063 0.3013
0.9412 0.4514
0.2636 0.9461
0.0969 0.0755
0.8565 0.1139
0.4778 0.2644
0.8663 0.1653
0.9467 0.3052
0.9163 0.4033
0.7875 0.9281
0.8672 0.2905
0.9162 0.9997
0.2552 0.4248
0.2035 0.9171
0.868 0.1018
0.7087 0.9338
0.8538 0.4894
0.3411 0.7812
0.1242 0.8537
0.2737 0.3338
0.5177 0.3627
0.4271 0.3018
0.7168 0.3823
0.451 0.114
0.4549 0.5818
0.3333 0.4925
0.8259 0.3814
0.2364 0.9823
0.5757 0.2028
0.6098 0.8434
0.844 0.7246
0.6465 0.0138
0.8331 0.4191
0.6997 0.6397
0.0101 0.7676
0.5133 0.9378
0.2084 0.8642
0.9915 0.6948
0.7529 0.564
0.5164 0.8897
0.1451 0.4303
0.7673 0.3788
0.5591 0.4446
0.3042 0.7456
0.3058 0.8754
0.4291 0.5532
0.8821 0.7533
0.8861 0.1738
0.9887 0.3513
0.2004 0.2095
0.2395 0.2696
0.4746 0.7313
0.7795 0.1947
0.4155 0.2805
0.2791 0.0683
0.4239 0.3108
0.219 0.9878
0.5424 0.1774
0.1359 0.7311
0.93 0.499
0.8847 0.3289
0.2004 0.2582
0.0094 0.7385
0.1418 0.7094
0.1688 0.0547
0.5756 0.2632
0.7934 0.5104
0.8452 0.6932
0.922 0.8202
0.8035 0.0244
0.6543 0.5674
0.326 0.2534
0.4709 0.4474
0.6375 0.8861
0.0527 0.883
0.1943 0.7511
0.3665 0.9872
0.0416 0.7455
0.7448 0.7796
0.1855 0.1721
0.6855 0.9982
0.9258 0.5645
0.7138 0.2865
0.2826 0.1224
0.4964 0.1088
0.0284 0.5139
0.6206 0.893
0.4858 0.2648
0.4362 0.0637
0.7347 0.9298
0.6547 0.604
0.1376 0.5596
0.8641 0.5131
0.3605 0.7243
0.4166 0.6737
0.3627 0.241
0.9571 0.9961
0.9421 0.8056
0.5838 0.7126
0.7579 0.5238
0.0742 0.6884
0.9163 0.1847
0.5112 0.6943
0.7293 0.7328
0.1602 0.2046
0.6407 0.4006
0.0995 0.2313
0.6886 0.3942
0.6566 0.5178
0.5377 0.8257
0.6079 0.2593
0.7406 0.802
0.1947 0.1099
0.0013 0.1634
0.6909 0.7078
0.7976 0.9965
0.9854 0.8378
0.9295 0.6772
0.6355 0.6673
0.5721 0.5392
0.818 0.0291
0.5764 0.0015
0.1808 0.1663
0.5712 0.9286
0.5277 0.1334
0.1401 0.1899
0.4404 0.3356
0.8003 0.2805
0.9445 0.5311
0.8373 0.0299
0.462 0.2127
0.5027 0.733
0.8419 0.1426
0.3975 0.6196
0.1082 0.0513
0.8088 0.8906
0.0901 0.6273
0.9047 0.368
0.6602 0.2626
0.9468 0.8645
0.0441 0.0698
0.5323 0.365
0.5319 0.7969
0.4137 0.1395
0.6675 0.021
0.1603 0.7972
0.8393 0.6564
0.0539 0.4274
0.2347 0.7411
0.3052 0.04
0.9995 0.4184
0.6956 0.1483
0.9326 0.2636
0.0593 0.3564
0.891 0.4496
0.5959 0.7217
0.1223 0.9435
0.3148 0.1884
0.8221 0.6945
0.084 0.4009
0.5589 0.0888
0.3752 0.6658
0.4515 0.9529
0.1052 0.9975
0.0327 0.2829
0.2845 0.5863
0.0112 0.7398
0.5085 0.41
0.1045 0.8147
0.6027 0.3463
0.1192 0.9509
0.5547 0.0725
0.9727 0.3512
0.9948 0.5315
0.2545 0.3078
0.2601 0.1594
0.0474 0.0428
0.1711 0.3698
0.2837 0.1794
0.1098 0.6828
0.5082 0.2222
0.0616 0.8442
0.9694 0.3582
0.4834 0.2256
0.6244 0.5811
0.6644 0.1374
0.3358 0.4023
0.2292 0.6549
0.135 0.6847
0.0507 0.5552
0.8555 0.4752
0.9514 0.2552
0.5836 0.752
0.81 0.2862
0.0265 0.6019
0.3703 0.863
0.7862 0.4122
0.0945 0.3139
0.6195 0.3846
0.3835 0.2097
0.8024 0.0415
0.8812 0.6556
0.2715 0.3845
0.3594 0.3861
0.5607 0.5574
0.9535 0.3988
0.0489 0.9238
0.4383 0.1312
0.3954 0.754
0.3868 0.9476
0.0308 0.8631
0.5293 0.5527
0.7783 0.4786
0.9511 0.8111
0.9867 0.3273
0.6856 0.8345
0.0976 0.3112
0.2882 0.6005
0.4605 0.8956
0.2009 0.3882
0.5365 0.3394
0.0421 0.5354
0.9598 0.1903
0.668 0.4512
0.1804 0.6407
0.0971 0.1148
0.9436 0.6888
0.6504 0.5486
0.1422 0.3353
0.7459 0.6795
0.4812 0.028
0.3993 0.6186
0.0658 0.1222
0.304 0.8855
0.7789 0.2142
0.347 0.561
0.7464 0.2523
0.0823 0.9985
0.1612 0.6588
0.0283 0.0256
0.261 0.3306
0.2992 0.8644
0.4008 0.2979
0.1787 0.4568
0.8562 0.1515
0.5533 0.1357
0.8317 0.7196
0.8267 0.635
0.9254 0.6433
0.8531 0.7378
0.9701 0.5808
0.5685 0.4289
0.183 0.4159
0.887 0.5543
0.3322 0.9007
0.3369 0.6355
0.8321 0.3554
0.5908 0.9222
0.6155 0.2001
0.9709 0.473
0.6102 0.9735
0.1299 0.6408
0.5622 0.1608
0.5389 0.3355
0.6342 0.9445
0.4944 0.0536
0.5894 0.3364
0.2637 0.7394
0.9446 0.4741
0.9814 0.0153
0.8077 0.3777
0.1557 0.779
0.6735 0.3711
0.4414 0.9986
0.9401 0.9762
0.4935 0.6657
0.9236 0.9741
0.8465 0.4194
0.6914 0.4587
0.8178 0.2497
0.1692 0.5218
0.9014 0.2554
0.352 0.2016
0.8622 0.9188
0.3106 0.8182
0.1279 0.711
0.1595 0.0612
0.0415 0.6036
0.6634 0.4942
0.6955 0.2975
0.0853 0.3496
0.2128 0.2403
0.834 0.3277
0.7613 0.8671
0.0269 0.6902
0.3737 0.0262
0.4477 0.7593
0.0695 0.5213
0.58 0.1567
0.7664 0.3554
0.5186 0.4738
0.513 0.0788
0.884 0.1139
0.5926 0.4661
0.2622 0.4859
0.7412 0.0387
0.5899 0.1323
0.5942 0.4446
0.6682 0.486
0.6635 0.3412
0.2903 0.1946
0.1222 0.4613
0.0077 0.2041
0.1377 0.5417
0.2456 0.6597
0.5396 0.0538
0.2604 0.7557
0.8498 0.0916
0.0224 0.124
0.5218 0.8725
0.2408 0.638
0.2441 0.4127
0.1998 0.7438
0.8729 0.1053
0.5071 0.7157
0.0706 0.3338
0.1096 0.9853
0.4823 0.9436
0.8444 0.9762
0.6275 0.2314
0.5106 0.7417
0.2351 0.0656
0.2362 0.8418
0.4729 0.0077
0.937 0.8098
0.5757 0.0501
0.2703 0.2635
0.5088 0.2824
0.2379 0.6653
0.6359 0.4792
0.4329 0.3794
0.1305 0.5183
0.5231 0.5185
0.7721 0.4356
0.2796 0.4149
0.2645 0.4084
0.1487 0.7918
0.2636 0.1274
0.7212 0.9883
0.8245 0.0699
0.1062 0.613
0.9461 0.9858
0.3155 0.0964
0.9564 0.2162
0.0859 0.9411
0.0079 0.1735
0.0414 0.4262
0.6729 0.1349
0.8718 0.2461
0.7866 0.918
0.2348 0.0232
0.5815 0.1108
0.537 0.757
0.4954 0.8588
0.3711 0.8798
0.1292 0.7875
0.092 0.6348
0.8717 0.2838
0.9429 0.1817
0.35 0.4613
0.3967 0.9478
0.8803 0.6396
0.3398 0.2908
0.7809 0.1693
0.1536 0.5116
0.8289 0.8495
0.0283 0.1157
0.5089 0.2238
0.9988 0.1231
0.3353 0.6416
0.9871 0.8085
0.2975 0.6399
0.1147 0.0266
0.1117 0.8331
0.5171 0.2322
0.9614 0.5628
0.298 0.2163
0.9141 0.0974
0.7324 0.7225
0.9905 0.3281
0.1497 0.3717
0.8063 0.5088
0.9142 0.808
0.7993 0.5876
0.6584 0.3607
0.0016 0.8262
0.7527 0.5128
0.7285 0.9388
0.7092 0.5828
0.9773 0.2749
0.6361 0.7827
0.9528 0.4303
0.7839 0.7229
0.1909 0.9982
0.0809 0.0277
0.476 0.706
0.5912 0.3141
0.8591 0.081
0.901 0.6265
0.3053 0.0465
0.6599 0.3815
0.2369 0.9294
0.0832 0.9522
0.8503 0.4339
0.4474 0.526
0.9555 0.3334
0.4424 0.185
0.9562 0.9358
0.8365 0.029
0.2008 0.1646
0.3855 0.7751
0.5426 0.0878
0.6743 0.8203
0.5173 0.7664
0.7542 0.5277
0.3375 0.907
0.8447 0.0985
0.321 0.8692
0.9647 0.728
0.3582 0.6483
0.461 0.1288
0.3054 0.0136
0.4547 0.9357
0.6432 0.1392
0.5128 0.4513
0.6761 0.2361
0.4401 0.5725
0.7703 0.7387
0.3659 0.9202
0.5303 0.9759
0.6166 0.0613
0.5894 0.9114
0.9902 0.0925
0.671 0.3948
0.7859 0.9324
0.876 0.4774
0.9471 0.0661
0.285 0.8039
0.5412 0.577
0.7565 0.7854
0.7045 0.4575
0.0412 0.8479
0.8653 0.4949
0.1294 0.8775
0.9798 0.2699
0.5318 0.9541
0.5662 0.1037
0.6493 0.9052
0.3669 0.2848
0.7531 0.9494
0.782 0.0223
0.6026 0.6372
0.7155 0.1432
0.1953 0.9025
0.1382 0.5917
0.3298 0.9214
0.5631 0.0391
0.9734 0.0052
0.3305 0.5851
0.2881 0.054
0.6691 0.9796
0.3924 0.0225
0.8942 0.1908
0.0207 0.5514
0.6515 0.263
0.391 0.4188
0.9571 0.689
0.9891 0.0217
0.2008 0.3693
0.7596 0.254
0.2071 0.4693
0.3265 0.3821
0.3475 0.9678
0.2724 0.6882
0.8027 0.0123
0.5325 0.5215
0.7849 0.4231
0.7961 0.9589
0.4127 0.9803
0.3568 0.2419
0.0175 0.5006
0.257 0.2225
0.093 0.4841
0.8271 0.1705
0.781 0.2785
0.3865 0.5723
0.8875 0.2477
0.9026 0.5442
0.895 0.9974
0.633 0.2786
0.0592 0.3497
0.6688 0.6748
0.9786 0.1851
0.9992 0.9575
0.6862 0.6293
0.5612 0.1841
0.397 0.1012
0.8863 0.8402
0.3565 0.2358
0.2547 0.8877
0.5048 0.5746
0.403 0.9915
0.5842 0.4166
0.9538 0.5559
0.248 0.8326
0.2731 0.6227
0.1207 0.9045
0.3239 0.8174
0.2387 0.6498
0.7652 0.7126
0.839 0.8862
0.1097 0.1601
0.7861 0.0737
0.9442 0.5495
0.9338 0.4354
0.6695 0.2814
0.0423 0.59
0.855 0.3869
0.7804 0.7161
0.458 0.9555
0.1207 0.7198
0.2781 0.9979
0.9025 0.932
0.8067 0.4203
0.7972 0.0945
0.6426 0.8069
0.9292 0.2242
0.8018 0.3849
0.248 0.3159
0.9213 0.9118
0.7856 0.9467
0.5665 0.8927
0.3126 0.576
0.7699 0.284
0.0488 0.1594
0.0347 0.8026
0.4119 0.375
0.6248 0.6128
0.1919 0.2255
0.6527 0.7185
0.7324 0.0038
0.6723 0.67
0.6831 0.5683
0.8777 0.7006
0.587 0.4353
0.613 0.1362
0.8426 0.3479
0.6334 0.8006
0.7933 0.3795
0.5392 0.8071
0.1855 0.0729
0.8156 0.3563
0.2232 0.5767
0.7654 0.0295
0.7133 0.3804
0.1646 0.7428
0.5598 0.5697
0.7167 0.5645
0.0558 0.4787
0.781 0.1638
0.8533 0.4659
0.8622 0.6789
0.0187 0.5034
0.8929 0.016
0.4326 0.1061
0.4 0.4895
0.5348 0.6137
0.2332 0.4298
0.7954 0.087
0.3456 0.3392
0.9696 0.2744
0.8625 0.7241
0.6541 0.2762
0.5594 0.0322
0.9652 0.662
0.298 0.9476
0.7507 0.7443
0.2976 0.9894
0.7341 0.3349
0.4641 0.8547
0.1721 0.6329
0.9939 0.0422
0.673 0.5747
0.374 0.3706
0.5561 0.4074
0.1841 0.4034
0.9751 0.5945
0.2282 0.541
0.5044 0.3782
0.9639 0.4982
0.5781 0.4626
0.0621 0.8691
0.1836 0.3832
0.413 0.0917
0.6525 0.2047
0.4246 0.6102
0.8519 0.9097
0.1154 0.1483
0.9828 0.4352
0.4369 0.8978
0.7396 0.5644
0.8584 0.8794
0.4215 0.6582
0.1261 0.5793
0.1372 0.9605
0.1569 0.9372
0.3094 0.3933
0.2385 0.393
0.7126 0.7669
0.6524 0.1847
0.7342 0.6942
0.0958 0.3164
0.2301 0.3861
0.5079 0.2548
0.3239 0.1618
0.1531 0.6671
0.0675 0.9262
0.4225 0.9768
0.7461 0.7454
0.6492 0.3792
0.3394 0.2573
0.8997 0.2408
0.1965 0.2403
0.387 0.1297
0.5731 0.9067
0.5444 0.0196
0.8752 0.0638
0.3294 0.8575
0.1062 0.7067
0.0762 0.3892
0.9016 0.8422
0.3347 0.2451
0.5951 0.0714
0.4972 0.088
0.1667 0.8409
0.5626 0.2036
0.6446 0.9575
0.8369 0.6209
0.9798 0.1684
0.6359 0.1371
0.2913 0.2545
0.5825 0.0606
0.5526 0.0223
0.0121 0.4478
0.5122 0.132
0.6484 0.6978
0.2269 0.5954
0.9757 0.349
0.4187 0.8007
0.9403 0.6602
0.9176 0.259
0.1143 0.1146
0.8777 0.0241
0.5275 0.3307
0.5445 0.9718
0.1839 0.7753
0.9169 0.559
0.5496 0.1845
0.4519 0.849
0.8851 0.2916
0.3181 0.9751
0.0146 0.605
0.9624 0.4486
0.0211 0.7939
0.3282 0.6696
0.8862 0.5354
0.8609 0.74
0.5724 0.5583
0.8367 0.267
0.9403 0.5505
0.6349 0.646
0.9686 0.1698
0.6234 0.3467
0.5604 0.3951
0.2844 0.4697
0.756 0.5262
