0.9314 0.0696
0.3091 0.8023
0.8739 0.8841
0.4207 0.4837
0.2717 0.3999
0.8442 0.4779
0.1626 0.2304
0.6018 0.0208
0.0209 0.7358
0.9393 0.2308
0.8513 0.1304
0.8788 0.7424
0.6947 0.135
0.5719 0.87
0.9091 0.3029
0.042 0.2041
0.524 0.3273
0.0272 0.7496
0.9402 0.0216
0.9898 0.1245
0.9718 0.5612
0.557 0.0423
0.7849 0.5208
0.1872 0.6471
0.6658 0.6363
0.1803 0.4417
0.5098 0.7544
0.676 0.8942
0.9129 0.6819
0.9273 0.8395
0.2862 0.1354
0.0691 0.5523
0.9086 0.6432
0.2261 0.9002
0.3593 0.2634
0.7904 0.2945
0.0298 0.4732
0.4865 0.2404
0.2231 0.7755
0.7072 0.9205
0.5188 0.6856
0.415 0.9352
0.182 0.7118
0.6306 0.4307
0.3592 0.7293
0.3094 0.7202
0.3127 0.5463
0.555 0.916
0.6134 0.4006
0.1332 0.3056
0.1191 0.874
0.707 0.3174
0.9967 0.7178
0.0307 0.3812
0.549 0.9118
0.8994 0.1383
0.362 0.0838
0.8687 0.6346
0.6839 0.9999
0.2562 0.6892
0.5151 0.1188
0.7807 0.3476
0.5987 0.6143
0.9817 0.999
0.7074 0.594
0.6601 0.3883
0.1255 0.9492
0.3197 0.2733
0.2841 0.5767
0.8322 0.7542
0.6623 0.2296
0.2152 0.2467
0.2066 0.6545
0.6488 0.6856
0.7197 0.8607
0.1873 0.4874
0.1738 0.6846
0.322 0.0237
0.1386 0.5551
0.4364 0.3687
0.1318 0.6172
0.3327 0.352
0.8953 0.8014
0.8101 0.1696
0.2168 0.1165
0.2154 0.8641
0.6324 0.9803
0.5651 0.6109
0.6071 0.1845
0.6827 0.3264
0.0935 0.0304
0.1635 0.4521
0.0588 0.3074
0.6899 0.1759
0.1773 0.0488
0.5771 0.3786
0.0474 0.7714
0.9809 0.7858
0.4489 0.8247
0.2072 0.5363
0.1903 0.0033
0.5255 0.3914
0.6581 0.5879
0.2264 0.6404
0.8603 0.0909
0.6638 0.3568
0.3734 0.4679
0.2562 0.5157
0.714 0.5018
0.891 0.7926
0.8226 0.7916
0.2221 0.7312
0.3402 0.7944
0.221 0.4779
0.7492 0.5202
0.3998 0.0428
0.9379 0.4429
0.9556 0.3323
0.2485 0.9494
0.8658 0.1279
0.4932 0.8631
0.6663 0.4355
0.2068 0.1122
0.3198 0.379
0.87 0.8482
0.4104 0.5652
0.9199 0.5468
0.3359 0.7091
0.4226 0.2223
0.5524 0.0319
0.5277 0.2357
0.0901 0.264
0.2259 0.4963
0.8521 0.9485
0.8599 0.3485
0.1236 0.8994
0.1755 0.544
0.9697 0.0152
0.2026 0.445
0.8059 0.0755
0.7193 0.8534
0.4576 0.098
0.9128 0.111
0.563 0.2652
0.8142 0.17
0.4486 0.5923
0.399 0.5504
0.9185 0.8138
0.0563 0.7957
0.6513 0.3469
0.3739 0.6156
0.3764 0.4359
0.579 0.743
0.8351 0.3524
0.8843 0.7279
0.9977 0.5932
0.5504 0.9181
0.5523 0.1002
0.5031 0.1749
0.3899 0.3323
0.3317 0.5605
0.3843 0.0724
0.1436 0.3974
0.9358 0.5045
0.9572 0.4504
0.5132 0.2073
0.2702 0.6498
0.3505 0.1944
0.2604 0.4888
0.5435 0.1873
0.2193 0.572
0.9409 0.454
0.9633 0.842
0.8089 0.8309
0.0383 0.4127
0.4462 0.1321
0.6202 0.0677
0.3833 0.8868
0.4206 0.4973
0.9681 0.6354
0.0009 0.6675
0.2809 0.9681
0.7386 0.9639
0.8964 0.0545
0.2315 0.214
0.0755 0.7406
0.5472 0.6091
0.5741 0.4535
0.9091 0.5616
0.7882 0.802
0.2799 0.6429
0.4897 0.4883
0.3508 0.1745
0.0807 0.9365
0.6621 0.3287
0.2308 0.4609
0.3175 0.7543
0.6968 0.7839
0.1855 0.608
0.2743 0.217
0.7415 0.9842
0.5914 0.0621
0.7721 0.5579
0.5634 0.669
0.4822 0.1659
0.3263 0.26
0.5282 0.3063
0.4082 0.537
0.3921 0.745
0.207 0.2046
0.3686 0.6264
0.8042 0.6449
0.3258 0.848
0.8687 0.6542
0.4221 0.0805
0.8486 0.0064
0.7542 0.6312
0.7415 0.8759
0.4156 0.0577
0.9932 0.698
0.125 0.2459
0.4217 0.3908
0.34 0.119
0.5468 0.7266
0.2733 0.9392
0.6144 0.296
0.3976 0.5274
0.2044 0.5793
0.7231 0.4967
0.6077 0.0995
0.9152 0.8991
0.0612 0.5965
0.6924 0.7878
0.6208 0.9624
0.7017 0.4593
0.7012 0.1923
0.08 0.4349
0.9905 0.3246
0.4231 0.517
0.6521 0.0839
0.0479 0.804
0.4044 0.3324
0.8631 0.3285
0.5861 0.3586
0.3653 0.1848
0.8984 0.5696
0.463 0.3783
0.1329 0.0809
0.1499 0.1975
0.6516 0.9743
0.9524 0.9678
0.6418 0.3639
0.8463 0.9863
0.1223 0.1574
0.7476 0.7162
0.827 0.9829
0.2415 0.1039
0.3579 0.9562
0.628 0.0798
0.0484 0.0824
0.5521 0.3535
0.3265 0.7999
0.2949 0.4647
0.8993 0.5173
0.4792 0.4434
0.5928 0.9822
0.3332 0.9288
0.9449 0.9658
0.0258 0.3897
0.2368 0.7715
0.6217 0.8536
0.6848 0.871
0.512 0.582
0.01 0.679
0.4309 0.0806
0.4503 0.9648
0.2417 0.7724
0.5038 0.6761
0.0361 0.3237
0.016 0.3793
0.8363 0.0537
0.9462 0.0057
0.0094 0.2139
0.1899 0.3884
0.9209 0.7608
0.2504 0.9667
0.7478 0.7507
0.2256 0.3312
0.5912 0.0869
0.2168 0.5578
0.2333 0.4389
0.7493 0.6653
0.5775 0.7535
0.7845 0.7686
0.0192 0.6924
0.5165 0.3111
0.0816 0.5829
0.0812 0.2566
0.3094 0.7604
0.2181 0.778
0.1672 0.7041
0.8781 0.6655
0.2903 0.1044
0.916 0.6359
0.2576 0.9045
0.7562 0.5568
0.1353 0.475
0.7784 0.9269
0.5001 0.9952
0.9985 0.0663
0.1509 0.8424
0.1947 0.4727
0.1558 0.9713
0.3394 0.9104
0.6391 0.7916
0.1795 0.0906
0.7167 0.0617
0.0059 0.4522
0.4175 0.722
0.8629 0.044
0.6565 0.8277
0.613 0.182
0.8999 0.8829
0.0746 0.1278
0.5472 0.4968
0.0711 0.9225
0.228 0.2403
0.0191 0.2774
0.4171 0.6494
0.5219 0.0041
0.4433 0.4587
0.083 0.1432
0.2124 0.9342
0.8778 0.6787
0.3155 0.513
0.6832 0.1633
0.1749 0.1021
0.3756 0.9776
0.9152 0.6707
0.98 0.9929
0.989 0.1146
0.0336 0.7449
0.1043 0.0781
0.8273 0.0143
0.7468 0.8996
0.3659 0.8724
0.9467 0.9604
0.4509 0.8608
0.9335 0.7732
0.79 0.815
0.7375 0.1618
0.7309 0.6064
0.7095 0.2077
0.9483 0.6455
0.517 0.6367
0.9519 0.3335
0.5487 0.2117
0.1895 0.6036
0.2483 0.7341
0.3784 0.2116
0.8931 0.0702
0.2285 0.3064
0.8582 0.8629
0.7854 0.8376
0.8487 0.1442
0.1141 0.1304
0.5969 0.4266
0.9553 0.2448
0.2473 0.9648
0.263 0.3206
0.3063 0.2738
0.1922 0.1014
0.7037 0.1066
0.0277 0.4931
0.1999 0.8584
0.8316 0.4248
0.2427 0.5453
0.3934 0.1228
0.9138 0.0628
0.5806 0.8952
0.2679 0.2077
0.778 0.2506
0.2592 0.542
0.8521 0.3253
0.2588 0.7441
0.7964 0.3026
0.7719 0.7608
0.9136 0.6218
0.2339 0.9553
0.8397 0.7583
0.8398 0.343
0.7774 0.0982
0.0649 0.7172
0.3181 0.1841
0.2704 0.6425
0.285 0.1893
0.5167 0.095
0.8651 0.1872
0.1858 0.1745
0.0288 0.3895
0.6883 0.3157
0.9029 0.0948
0.4569 0.3683
0.972 0.0899
0.5847 0.9219
0.3935 0.8016
0.258 0.6978
0.5838 0.6171
0.4725 0.5491
0.1197 0.9112
0.1395 0.4057
0.3682 0.8432
0.9043 0.3586
0.1382 0.747
0.7622 0.0542
0.4491 0.5059
0.3429 0.2435
0.4838 0.7635
0.8575 0.0315
0.6473 0.7833
0.0162 0.1189
0.9619 0.3699
0.6956 0.6927
0.8076 0.5107
0.2737 0.1897
0.5118 0.8419
0.1862 0.3432
0.3563 0.7429
0.6539 0.0977
0.9534 0.0564
0.3568 0.556
0.3721 0.4421
0.6721 0.7804
0.561 0.3042
0.8872 0.4205
0.5159 0.706
0.3356 0.9262
0.3567 0.8503
0.9716 0.7838
0.8336 0.1992
0.908 0.7474
0.3441 0.7848
0.0067 0.7732
0.1639 0.6185
0.1759 0.1288
0.457 0.4107
0.9593 0.1789
0.4258 0.1241
0.4922 0.1844
0.8798 0.5545
0.3533 0.5478
0.1362 0.8336
0.0133 0.0198
0.7877 0.4886
0.3844 0.6892
0.6398 0.4609
0.0802 0.8753
0.8223 0.3918
0.8415 0.7122
0.5056 0.4703
0.4118 0.0164
0.2909 0.5351
0.8832 0.0234
0.2954 0.412
0.5895 0.4513
0.1379 0.1899
0.7921 0.4756
0.2619 0.4786
0.5521 0.4131
0.8835 0.9489
0.6406 0.6764
0.2316 0.4929
0.3557 0.1369
0.304 0.0622
0.8528 0.7546
0.8114 0.0233
0.6624 0.1199
0.9992 0.4288
0.9792 0.8489
0.2362 0.0578
0.3571 0.4217
0.8455 0.1694
0.2492 0.026
0.5379 0.3839
0.8062 0.7893
0.4204 0.0271
0.6665 0.6953
0.4864 0.3863
0.3052 0.8121
0.9851 0.5303
0.8078 0.4305
0.7209 0.0987
0.1151 0.723
0.8102 0.4182
0.798 0.7402
0.884 0.3061
0.2384 0.5286
0.4797 0.278
0.5731 0.6242
0.2129 0.7668
0.9679 0.2292
0.4759 0.2597
0.206 0.9907
0.1273 0.2085
0.0034 0.6566
0.3573 0.9695
0.9569 0.2264
0.7209 0.8251
0.8783 0.2182
0.4433 0.6273
0.8971 0.7774
0.7615 0.2338
0.3889 0.6564
0.3388 0.8919
0.1473 0.9576
0.56 0.8331
0.5614 0.554
0.3892 0.1573
0.4269 0.1205
0.6191 0.2186
0.7161 0.402
0.4609 0.7574
0.9694 0.2306
0.5559 0.2595
0.8271 0.1027
0.8026 0.0421
0.7734 0.1716
0.2541 0.6003
0.6058 0.2178
0.3987 0.1912
0.691 0.8207
0.677 0.4071
0.5395 0.1554
0.9475 0.5545
0.8472 0.9365
0.2398 0.1852
0.2914 0.0448
0.7408 0.1284
0.6624 0.1754
0.74 0.8592
0.1863 0.5886
0.0349 0.8925
0.8927 0.4494
0.1631 0.3526
0.1383 0.3846
0.374 0.0023
0.5888 0.2123
0.1455 0.8884
0.0497 0.0674
0.4358 0.7852
0.4734 0.0564
0.0617 0.3767
0.4559 0.1474
0.9752 0.3264
0.4531 0.0798
0.6309 0.5291
0.4911 0.4559
0.9374 0.5615
0.0933 0.3434
0.2486 0.805
0.0664 0.7775
0.965 0.0596
0.1893 0.0579
0.2924 0.4882
0.7005 0.925
0.4264 0.9471
0.9169 0.392
0.1568 0.3513
0.5991 0.8165
0.2005 0.3152
0.7242 0.54
0.6138 0.318
0.3751 0.7051
0.2151 0.0791
0.2604 0.2181
0.3485 0.0221
0.5452 0.1454
0.8133 0.1228
0.8753 0.9758
0.0503 0.4051
0.6935 0.7772
0.1557 0.9024
0.2096 0.2301
0.7996 0.6247
0.2954 0.7429
0.406 0.1931
0.9006 0.7176
0.8635 0.356
0.1599 0.625
0.9744 0.3254
0.5939 0.1032
0.4484 0.1494
0.4789 0.8841
0.3919 0.7103
0.4195 0.639
0.4235 0.3553
0.0821 0.3337
0.8134 0.1876
0.8261 0.616
0.0399 0.3761
0.5418 0.2191
0.3466 0.1477
0.1136 0.5558
0.703 0.658
0.0748 0.9366
0.4114 0.2599
0.8058 0.422
0.6694 0.8575
0.3388 0.6234
0.932 0.2258
0.9132 0.4876
0.0767 0.1988
0.1535 0.2245
0.1686 0.8465
0.5193 0.4516
0.5889 0.609
0.0411 0.7685
0.0765 0.0871
0.5451 0.7149
0.8993 0.6589
0.1464 0.741
0.3179 0.1762
0.2872 0.4455
0.6285 0.2812
0.0735 0.369
0.7896 0.765
0.0029 0.0545
0.7807 0.852
0.5138 0.3543
0.3753 0.7143
0.6759 0.2589
0.4485 0.2804
0.1111 0.9329
0.3001 0.56
0.4068 0.0358
0.2748 0.6104
0.2998 0.741
0.062 0.5429
0.2667 0.88
0.2214 0.5419
0.0413 0.1141
0.6962 0.9912
0.6536 0.3167
0.631 0.1077
0.4969 0.5547
0.297 0.4558
0.6224 0.6041
0.4033 0.8395
0.1356 0.155
0.0089 0.3802
0.5339 0.2924
0.1658 0.9903
0.0137 0.8046
0.0936 0.3868
0.1529 0.9067
0.5987 0.5562
0.6411 0.9404
0.167 0.4672
0.7997 0.9679
0.5962 0.9563
0.3078 0.6875
0.7715 0.14
0.1851 0.2574
0.0312 0.9274
0.3506 0.0624
0.8659 0.6843
0.0098 0.5216
0.1315 0.1215
0.6696 0.0016
0.0421 0.3684
0.117 0.0489
0.8488 0.7709
0.6519 0.6999
0.0831 0.4349
0.2575 0.6461
0.2769 0.4372
0.6867 0.3864
0.9924 0.8116
0.1548 0.1864
0.0497 0.6686
0.874 0.2307
0.4388 0.2817
0.4519 0.3035
0.9619 0.1365
0.8127 0.3622
0.6846 0.1429
0.4955 0.4432
0.3351 0.1743
0.2428 0.9378
0.5114 0.3983
0.228 0.895
0.1169 0.1744
0.7263 0.8055
0.643 0.9679
0.2688 0.389
0.9445 0.467
0.2525 0.0733
0.3212 0.3111
0.2224 0.7103
0.3913 0.7577
0.8312 0.5015
0.0706 0.543
0.7614 0.354
0.1005 0.1057
0.8622 0.0789
0.6392 0.6131
0.8572 0.4362
0.1877 0.4346
0.1302 0.5232
0.3697 0.044
0.6072 0.5485
0.9899 0.127
0.4962 0.1455
0.2376 0.8392
0.496 0.0997
0.2292 0.9783
0.2245 0.1791
0.8754 0.0079
0.6255 0.8285
0.3971 0.5196
0.7709 0.9345
0.0454 0.8186
0.6819 0.7578
0.2738 0.7022
0.867 0.1943
0.3623 0.8922
0.4717 0.0398
0.1582 0.7815
0.4479 0.9103
0.6754 0.8163
0.1961 0.1653
0.1994 0.9304
0.7372 0.0871
0.479 0.2495
0.8378 0.7375
0.6762 0.6557
0.6867 0.8538
0.6208 0.3337
0.4019 0.0779
0.2322 0.9965
0.504 0.375
0.5782 0.9761
0.7221 0.1617
0.6428 0.9508
0.8099 0.204
0.5295 0.9371
0.7448 0.844
0.8221 0.8934
0.3006 0.0302
0.3768 0.8721
0.4751 0.6049
0.3139 0.5329
0.174 0.1208
0.6565 0.316
0.661 0.7986
0.9399 0.7284
0.3464 0.0958
0.9886 0.5588
0.5792 0.4071
0.1025 0.1551
0.7865 0.5332
0.6437 0.6133
0.5715 0.3635
0.6556 0.5597
0.4391 0.4345
0.4443 0.3819
0.953 0.2816
0.5475 0.5321
0.4013 0.5339
0.9935 0.7404
0.0784 0.5215
0.0123 0.9879
0.5967 0.1183
0.5861 0.9882
0.8844 0.4692
0.617 0.5726
0.6232 0.1243
0.2019 0.8542
0.5998 0.6423
0.4901 0.7702
0.0382 0.3402
0.7084 0.2229
0.7562 0.473
0.7584 0.1591
0.3888 0.1233
0.2364 0.0604
0.4542 0.5946
0.2992 0.1986
0.0899 0.7063
0.7948 0.0715
0.5822 0.2672
0.0858 0.3113
0.8639 0.2614
0.21 0.3565
0.1543 0.8506
0.7158 0.3126
0.3554 0.2678
0.3657 0.2896
0.8682 0.5619
0.7539 0.2779
0.7422 0.3989
0.8803 0.1095
0.5201 0.0988
0.9841 0.5716
0.6055 0.6744
0.3592 0.9646
0.1594 0.216
0.427 0.8956
0.7271 0.4689
0.5322 0.1324
0.1087 0.5836
0.1798 0.8337
0.1844 0.2806
0.4992 0.5765
0.6547 0.6064
0.6652 0.4675
0.2163 0.7668
0.0671 0.7527
0.792 0.3591
0.3539 0.8905
0.5251 0.8444
0.1786 0.7531
0.5576 0.8989
0.4034 0.241
0.2258 0.7198
0.2698 0.0679
0.872 0.7932
0.5145 0.938
0.3838 0.1289
0.9467 0.8221
0.2489 0.9389
0.3821 0.8211
0.5918 0.0902
0.3376 0.0729
0.8865 0.571
0.1796 0.1856
0.8942 0.9347
0.4227 0.3584
0.098 0.6696
0.2174 0.5015
0.5667 0.982
0.6374 0.4771
0.6599 0.6495
0.7929 0.7194
0.7714 0.3472
0.2714 0.0694
0.7045 0.7332
0.4196 0.9136
0.4978 0.1607
0.3132 0.9358
0.2181 0.2461
0.5876 0.0509
0.5017 0.6591
0.0092 0.0005
0.2602 0.1794
0.59 0.9588
0.9426 0.1279
0.8815 0.8766
0.1795 0.8328
0.965 0.0952
0.1151 0.377
0.1589 0.4742
0.4148 0.3696
0.7478 0.1056
0.6056 0.2234
0.1942 0.1315
0.1409 0.8403
0.0767 0.2302
0.3143 0.657
0.1466 0.8257
0.0573 0.7834
0.7204 0.5076
0.7755 0.2434
0.1002 0.4693
0.3878 0.0254
0.0497 0.3226
0.7052 0.7401
0.0879 0.6109
0.8067 0.2093
0.3786 0.2562
0.9286 0.908
0.9158 0.2347
0.8847 0.148
0.4244 0.7102
0.1064 0.4888
0.4698 0.9818
0.1896 0.2658
0.7231 0.5439
0.4366 0.4184
0.4122 0.6064
0.044 0.214
0.2018 0.5152
0.3948 0.2453
0.9667 0.7565
0.2884 0.2606
0.7607 0.0459
0.1327 0.5628
0.7112 0.6691
0.5708 0.3967
0.3156 0.5461
0.3843 0.9122
0.8054 0.4311
0.8566 0.9544
0.429 0.6628
0.8144 0.0429
0.2238 0.9374
0.7199 0.2142
0.985 0.1879
0.9132 0.9841
0.988 0.5279
0.062 0.0095
0.3371 0.6001
0.6458 0.5991
0.5828 0.4353
0.6002 0.2434
0.8921 0.9168
0.5665 0.5482
0.1842 0.7043
0.7249 0.1042
0.9857 0.2732
0.1629 0.6031
0.6794 0.041
0.1487 0.3957
0.5659 0.6012
0.2498 0.4178
0.2568 0.0561
0.0316 0.8782
0.8586 0.7717
0.2402 0.1981
0.1909 0.8674
0.8138 0.6405
0.8104 0.9281
0.7628 0.8292
0.8986 0.9373
0.7397 0.11
0.8302 0.6075
0.5243 0.8656
0.785 0.9309
0.3407 0.2543
0.9025 0.4072
0.3744 0.0285
0.08 0.6756
0.6585 0.9795
0.5596 0.4426
0.851 0.6977
0.4839 0.1734
0.0972 0.4306
0.8414 0.7738
0.5328 0.4014
0.4943 0.4886
0.1393 0.8732
0.8642 0.8985
0.2671 0.5679
0.0249 0.7275
0.7694 0.4585
0.6827 0.7337
0.292 0.056
0.1514 0.0474
0.4928 0.3113
0.1133 0.4789
0.1056 0.6701
0.7432 0.2843
0.1337 0.7423
0.3217 0.3241
0.9 0.3656
0.5355 0.9348
0.9826 0.2011
0.5917 0.2599
0.3884 0.8247
0.5458 0.0113
0.6666 0.2677
0.3457 0.0016
0.5389 0.6014
0.5875 0.1119
0.3647 0.8862
0.7923 0.4767
0.646 0.3907
0.06 0.2452
0.8922 0.7196
0.0245 0.6974
0.7581 0.9405
0.613 0.5808
0.4257 0.9621
0.9045 0.6595
0.1549 0.1183
0.7079 0.6195
0.8491 0.895
0.2432 0.9379
0.889 0.6541
0.1852 0.6096
0.0953 0.0748
0.127 0.5562
0.6016 0.1051
0.0868 0.4361
0.7202 0.579
0.921 0.4531
0.841 0.0349
0.6411 0.4717
0.9949 0.9811
0.3285 0.4418
0.4442 0.7599
0.7123 0.4582
0.7233 0.2878
0.4668 0.8695
0.7284 0.8803
0.9118 0.2002
0.258 0.592
0.1883 0.8424
0.0771 0.4334
0.4264 0.3218
0.1005 0.1849
0.0096 0.2225
0.0393 0.4553
0.6971 0.6545
0.6458 0.0853
0.7275 0.7656
0.2771 0.7461
0.013 0.2183
0.8168 0.2337
0.1667 0.3514
0.9986 0.6031
0.0628 0.2026
0.0843 0.432
0.3183 0.6367
0.3736 0.167
0.4781 0.5434
0.9286 0.0919
0.35 0.9915
0.3984 0.0757
0.5385 0.8538
0.8326 0.8921
0.7475 0.8739
0.6407 0.6077
0.3 0.8128
0.6694 0.7718
0.9077 0.5241
0.0271 0.263
0.6704 0.6229
0.9275 0.1923
0.3819 0.393
0.8165 0.008
0.1792 0.9515
0.603 0.6871
0.6328 0.4897
0.0964 0.1041
0.6326 0.5124
0.9752 0.7839
0.7237 0.4824
0.737 0.2534
0.7913 0.1442
0.6891 0.4006
0.077 0.8536
0.0307 0.2942
0.5547 0.5194
0.0993 0.9485
0.8438 0.6403
0.6523 0.0867
0.3387 0.4875
0.483 0.5668
0.3433 0.9761
0.1411 0.674
0.8329 0.9984
0.3795 0.1227
0.4475 0.2315
0.6273 0.4981
0.4247 0.4749
0.0873 0.3248
0.6367 0.6012
0.8821 0.5342
0.8853 0.309
0.3659 0.2585
0.2274 0.6745
0.4307 0.0019
0.8863 0.3033
0.5592 0.6763
0.7141 0.5049
0.1162 0.6398
0.3588 0.1574
0.7705 0.966
0.0099 0.8633
0.5879 0.6859
0.2571 0.784
0.9264 0.0895
0.5652 0.6463
0.2381 0.9338
0.9082 0.27
0.519 0.2219
0.4279 0.5041
0.231 0.9397
0.3073 0.2292
0.8758 0.3129
0.8595 0.0497
0.346 0.1966
0.3802 0.3963
0.7778 0.3191
0.3874 0.7307
0.4739 0.4574
0.0138 0.6094
0.9733 0.2771
0.7655 0.2663
0.1305 0.022
0.3143 0.8289
0.1483 0.4918
0.7171 0.7971
0.3484 0.7099
0.9526 0.6116
0.0425 0.2786
0.1582 0.001
0.5427 0.4599
0.4829 0.6611
0.712 0.2243
0.9447 0.7428
0.5442 0.6669
0.9398 0.9929
0.7642 0.8952
0.7817 0.9927
0.102 0.1903
0.8 0.1647
0.1945 0.9528
0.3233 0.1784
0.3496 0.6139
0.4937 0.4278
0.6614 0.4223
0.354 0.6823
0.7246 0.0546
0.535 0.9106
0.007 0.5225
0.0568 0.194
0.2868 0.853
0.9003 0.0456
0.647 0.4531
0.1039 0.7786
0.9964 0.7056
0.3611 0.0742
0.413 0.0864
0.2879 0.5001
0.5029 0.8599
0.1075 0.9253
0.5052 0.5891
0.1067 0.393
0.0829 0.1913
0.9591 0.6591
0.7687 0.3413
0.2646 0.804
0.1407 0.6752
0.442 0.4481
0.7949 0.0153
0.7461 0.0167
0.4039 0.0095
0.1689 0.2783
0.1994 0.0145
0.0665 0.6048
0.4175 0.5795
0.2358 0.1929
0.4137 0.7801
0.3711 0.8805
0.4046 0.5856
0.084 0.9848
0.7789 0.0354
0.608 0.259
0.8036 0.1489
0.4883 0.4141
0.9699 0.8503
0.5709 0.8845
0.7835 0.9902
0.1636 0.7243
0.2753 0.3846
0.4697 0.3051
0.1258 0.2834
0.3426 0.9439
0.6541 0.8301
0.2824 0.4328
0.6304 0.2753
0.2086 0.9205
0.5173 0.8399
0.2696 0.4735
0.4883 0.1622
0.1825 0.4262
0.3521 0.2288
0.3997 0.0199
0.3857 0.119
0.6105 0.1265
0.2221 0.699
0.9833 0.7276
0.9191 0.5085
0.0767 0.2896
0.7495 0.1906
0.4487 0.6601
0.7471 0.985
0.8981 0.5458
0.8324 0.0677
0.8281 0.2496
0.4219 0.5204
0.5068 0.0498
0.9918 0.0283
0.6002 0.6489
0.8783 0.374
0.5032 0.39
0.9933 0.0604
0.6608 0.6063
0.6647 0.7573
0.152 0.9868
0.4998 0.2396
0.6922 0.6145
0.3538 0.3011
0.9071 0.059
0.6889 0.6963
0.4288 0.0295
0.9845 0.1022
0.2993 0.382
0.0901 0.9838
0.7059 0.6611
0.7885 0.2639
0.8333 0.7327
0.2888 0.4852
0.3936 0.5165
0.5139 0.1945
0.1678 0.2592
0.5846 0.229
0.09 0.1393
0.018 0.2565
0.7206 0.7665
0.6558 0.7605
0.6926 0.0834
0.6321 0.4094
0.5408 0.4034
0.5533 0.9741
0.9906 0.307
0.5781 0.7389
0.868 0.2857
0.2408 0.2004
0.8687 0.3398
0.8975 0.0608
0.7452 0.3548
0.947 0.5195
0.2204 0.359
0.3953 0.4484
0.9062 0.5881
0.4937 0.8751
0.3219 0.0766
0.8988 0.1921
0.788 0.1778
0.2277 0.7395
0.9291 0.5114
0.2361 0.3067
0.2312 0.5515
0.0128 0.2997
0.6884 0.3317
0.0289 0.466
0.5765 0.3768
0.9113 0.4415
0.2885 0.2902
0.3513 0.7296
0.9871 0.9005
0.1897 0.1892
0.7665 0.6849
0.8312 0.8519
0.8552 0.221
0.3726 0.1529
0.7099 0.57
0.3403 0.387
0.3318 0.4652
0.3264 0.1431
0.0337 0.5265
0.2689 0.2501
0.1299 0.1717
0.1693 0.733
0.7895 0.9806
0.4535 0.333
0.1678 0.3006
0.3006 0.7555
0.0824 0.6089
0.0513 0.0821
0.4464 0.7635
0.3357 0.4219
0.7121 0.4183
0.0029 0.073
0.5944 0.2317
0.7884 0.2748
0.423 0.4706
0.9423 0.7082
0.3347 0.4999
0.818 0.6435
0.381 0.6647
0.3007 0.2625
0.3723 0.7221
0.4915 0.7096
0.5065 0.0758
0.0544 0.8327
0.3299 0.4443
0.5724 0.4086
0.2873 0.6632
0.1967 0.3062
0.1641 0.3864
0.8038 0.5274
0.0036 0.4898
0.6287 0.7419
0.0223 0.8618
0.7655 0.7921
0.0142 0.3065
0.5097 0.001
0.495 0.8903
0.8111 0.9496
0.1994 0.3508
0.7228 0.3444
0.9488 0.3495
0.7131 0.6005
0.8555 0.9629
0.029 0.0344
0.917 0.6979
0.0647 0.8704
0.4954 0.1515
0.2555 0.0855
0.1672 0.528
0.0865 0.9555
0.5602 0.6755
0.3508 0.8386
0.4671 0.712
0.2013 0.6558
0.1401 0.4948
0.8015 0.1949
0.0895 0.048
0.9439 0.4654
0.6661 0.7832
0.2341 0.1053
0.5628 0.8139
0.9161 0.552
0.1635 0.9589
0.4393 0.7541
0.9576 0.8792
0.3717 0.2181
0.2296 0.9826
0.3365 0.938
0.8807 0.1298
0.5179 0.8577
0.0965 0.048
0.9625 0.7394
0.5411 0.7028
0.6917 0.5698
0.2528 0.9917
0.2687 0.9998
0.6325 0.6995
0.6515 0.678
0.3542 0.0623
0.6445 0.4854
0.4068 0.4849
0.5445 0.8631
0.8519 0.2844
0.5494 0.2205
0.825 0.9965
0.3629 0.2436
0.2137 0.3516
0.8945 0.1672
0.1746 0.1992
0.638 0.0072
0.9058 0.2901
0.4859 0.8333
0.0531 0.6732
0.0436 0.2434
0.1252 0.9108
0.5981 0.175
0.0324 0.3721
0.0013 0.5259
0.4662 0.9032
0.3307 0.2289
0.4647 0.2476
0.2954 0.1781
0.3625 0.0878
0.6491 0.7665
0.6179 0.9336
0.5718 0.8309
0.8822 0.2785
0.8516 0.4089
0.2675 0.1427
0.5702 0.8981
0.2594 0.8453
0.2926 0.9279
0.8418 0.2132
0.4405 0.3306
0.5728 0.2757
0.9265 0.7223
0.6607 0.0799
0.2291 0.4529
0.3938 0.3803
0.5891 0.496
0.4139 0.7443
0.4327 0.6991
0.7122 0.7412
0.0081 0.5192
0.9767 0.1637
0.5101 0.0932
0.9791 0.822
0.5876 0.8635
0.5158 0.2109
0.0259 0.7822
0.2936 0.2557
0.4439 0.8541
0.8847 0.1845
0.9465 0.4646
0.71 0.2901
0.3098 0.0364
0.9834 0.6204
0.4611 0.3048
0.9225 0.4955
0.4346 0.7329
0.0724 0.9539
0.5318 0.8109
0.8143 0.5394
0.4068 0.7387
0.106 0.878
0.173 0.6637
0.0804 0.3514
0.8103 0.7551
0.441 0.4936
0.8716 0.6631
0.0083 0.4588
0.6616 0.9006
0.0198 0.1203
0.3536 0.3349
0.214 0.6686
0.5892 0.6305
0.5696 0.4534
0.5539 0.5366
0.2463 0.6938
0.8916 0.5014
0.0897 0.5488
0.5422 0.5677
0.5032 0.3715
0.2883 0.4694
0.5256 0.1533
0.8989 0.0569
0.3198 0.7014
0.986 0.0329
0.3835 0.5877
0.8803 0.7362
0.5331 0.2083
0.6083 0.8783
0.422 0.1667
0.9754 0.7336
0.8292 0.4142
0.5235 0.0368
0.6472 0.278
0.8417 0.4177
0.2394 0.1475
0.7795 0.5237
0.4995 0.0997
0.5626 0.7064
0.2752 0.7146
0.4724 0.4969
0.5045 0.474
0.2988 0.0288
0.6114 0.3599
0.1478 0.6736
0.7949 0.1049
0.8652 0.2081
0.8026 0.0616
0.4959 0.9833
0.7016 0.8191
0.6607 0.7075
0.5131 0.2648
0.1073 0.1889
0.5449 0.535
0.7546 0.5292
0.5699 0.3646
0.1906 0.2017
0.2417 0.7529
0.4939 0.0935
0.352 0.7047
0.0102 0.561
0.5322 0.9407
0.7477 0.968
0.8433 0.2548
0.1412 0.8802
0.0036 0.2193
0.2365 0.8416
0.539 0.7282
0.522 0.0941
0.0427 0.4212
0.4098 0.434
0.4923 0.332
0.7968 0.0577
0.529 0.0105
0.6758 0.0578
0.5899 0.3768
0.4069 0.2803
0.6803 0.4186
0.6759 0.7463
0.1216 0.2725
0.3978 0.2272
0.1345 0.7859
0.7623 0.9783
0.7373 0.9337
0.0793 0.929
0.2623 0.5221
0.9299 0.7184
0.49 0.0811
0.6237 0.3135
0.3605 0.3448
0.6313 0.6148
0.4528 0.0118
0.1209 0.247
0.9102 0.4987
0.059 0.1709
0.869 0.3194
0.5683 0.4855
0.8548 0.4152
0.5372 0.534
0.4158 0.1076
0.4004 0.0415
0.8199 0.1813
0.1003 0.382
0.1777 0.1743
0.1431 0.6894
0.6219 0.3829
0.6763 0.8975
0.3156 0.4124
0.0663 0.4779
0.512 0.137
0.5445 0.4064
0.9254 0.0438
0.8317 0.0267
0.948 0.0726
0.9244 0.3559
0.6914 0.2916
0.906 0.3774
0.5953 0.0578
0.3319 0.7762
0.8791 0.7936
0.3744 0.422
0.7882 0.539
0.4125 0.7906
0.2947 0.2118
0.5789 0.9181
0.4767 0.5321
0.6571 0.4712
0.4956 0.2527
0.1596 0.4175
0.1177 0.1173
0.3568 0.7859
0.2008 0.2863
0.6806 0.141
0.0542 0.6104
0.0636 0.881
0.4626 0.1692
0.8072 0.3626
0.9634 0.6702
0.1744 0.9312
0.5339 0.4517
0.4462 0.1036
0.9875 0.9152
0.4527 0.2124
0.078 0.856
0.6249 0.4551
0.1094 0.0658
0.7889 0.0923
0.2574 0.1742
0.9645 0.7953
0.8631 0.2511
0.7005 0.7628
0.5688 0.0094
0.3632 0.355
0.678 0.234
0.4743 0.3834
0.7686 0.6567
0.196 0.3608
0.9261 0.1805
0.9722 0.5751
0.1952 0.1038
0.0773 0.1244
0.847 0.9179
0.3259 0.6732
0.97 0.142
0.5988 0.7385
0.8319 0.6204
0.0473 0.3766
0.1485 0.6859
0.4738 0.8473
0.0564 0.4976
0.5779 0.6834
0.071 0.1285
0.9833 0.2078
0.9795 0.8717
0.4528 0.8981
0.4991 0.6361
0.4082 0.7763
0.4061 0.6209
0.5133 0.9829
0.067 0.6987
0.1932 0.5064
0.6038 0.2835
0.2934 0.2056
0.8783 0.7544
0.1233 0.5927
0.618 0.6765
0.6091 0.9468
0.3721 0.4686
0.6941 0.8961
0.0787 0.603
0.7969 0.9529
0.5127 0.7843
0.1207 0.5882
0.6096 0.6582
0.2899 0.1881
0.867 0.1907
0.8894 0.0821
0.5879 0.3185
0.8281 0.6181
0.0902 0.9556
0.2558 0.5803
0.3922 0.2393
0.2703 0.3301
0.5518 0.0301
0.5097 0.2442
0.7481 0.7154
0.5494 0.6502
0.8009 0.6409
0.2998 0.6902
0.4542 0.2584
0.0838 0.848
0.9223 0.173
0.8917 0.2367
0.4556 0.716
0.9289 0.609
0.025 0.0048
0.936 0.514
0.9894 0.0197
0.8091 0.6466
0.1377 0.2448
0.5041 0.0629
0.5248 0.4754
0.3743 0.9328
0.3635 0.4648
0.7822 0.2378
0.2822 0.0242
0.6314 0.1877
0.8152 0.6034
0.8904 0.3585
0.0809 0.0466
0.826 0.5991
0.0162 0.0802
0.8147 0.4317
0.894 0.5955
0.4717 0.6604
0.3222 0.4375
0.458 0.1963
0.9631 0.7131
0.1817 0.8727
0.4203 0.387
0.1965 0.9225
0.1366 0.1552
0.7519 0.7249
0.6589 0.4814
0.8454 0.1425
0.2178 0.6582
0.2008 0.5798
0.2798 0.6293
0.9525 0.1497
0.2375 0.9957
0.4053 0.8032
0.7041 0.1775
0.8254 0.7093
0.7791 0.3915
0.1835 0.0449
0.2136 0.3168
0.8006 0.6063
0.1881 0.9928
0.1013 0.1066
0.6671 0.1468
0.6436 0.3156
0.7985 0.9978
0.4709 0.1798
0.8308 0.3279
0.7046 0.0949
0.2254 0.0714
0.4898 0.3083
0.7324 0.9526
0.9433 0.7606
0.4101 0.1387
0.1497 0.0231
0.0452 0.1452
0.7532 0.6414
0.8811 0.7506
0.001 0.9379
0.4445 0.9322
0.8808 0.9044
0.5729 0.8565
0.0369 0.551
0.9106 0.6529
0.2324 0.1821
0.7777 0.2852
0.0273 0.6031
0.4216 0.4901
0.7204 0.706
0.1398 0.3333
0.5512 0.3397
0.2715 0.0031
0.0834 0.6694
0.3766 0.4367
0.7988 0.8108
0.8294 0.379
0.4181 0.1933
0.7144 0.8876
0.726 0.5583
0.7303 0.413
0.7883 0.2949
0.3581 0.3891
0.9884 0.0965
0.2038 0.0302
0.8106 0.7893
0.4005 0.2382
0.3654 0.9967
0.4635 0.0907
0.0888 0.3384
0.6561 0.2893
0.3034 0.245
0.5232 0.1583
0.1574 0.7754
0.252 0.5989
0.3709 0.1379
0.7541 0.4175
0.5611 0.5687
0.9615 0.0619
0.3467 0.8025
0.4806 0.4603
0.0997 0.0571
0.4349 0.2935
0.3893 0.7263
0.705 0.7339
0.2106 0.6356
0.7131 0.8128
0.2956 0.2291
0.9317 0.4438
0.5932 0.3994
0.8899 0.2598
0.9363 0.2698
0.5572 0.6324
0.1612 0.2003
0.1352 0.2671
0.0572 0.6842
0.1477 0.4396
0.1207 0.2491
0.315 0.1928
0.6941 0.9529
0.6714 0.7648
0.0883 0.2217
0.954 0.4372
0.6446 0.9326
0.6736 0.8917
0.6479 0.9768
0.8769 0.4526
0.5345 0.8168
0.7209 0.4573
0.3805 0.1589
0.8908 0.1026
0.252 0.3662
0.2147 0.8992
0.2115 0.742
0.289 0.6451
0.7205 0.2859
0.7197 0.8147
0.8279 0.148
0.6566 0.1983
0.7979 0.3133
0.5318 0.1077
0.5106 0.8917
0.722 0.8145
0.1751 0.5055
0.3822 0.5396
0.5577 0.8616
0.9603 0.474
0.9489 0.5392
0.766 0.9946
0.7689 0.5115
0.4312 0.7095
0.2864 0.0518
0.485 0.5358
0.2443 0.5284
0.6709 0.4084
0.1548 0.727
0.1064 0.5
0.0223 0.3459
0.2038 0.4845
0.9782 0.8693
0.1397 0.685
0.0991 0.0962
0.821 0.0686
0.9151 0.8745
0.2762 0.7281
0.2123 0.1826
0.5202 0.9746
0.4345 0.8034
0.2415 0.9399
0.3728 0.4823
0.4567 0.6063
0.1231 0.76
0.4026 0.9776
0.7932 0.7837
0.4271 0.846
0.8788 0.2923
0.6169 0.6016
0.7259 0.2791
0.0249 0.733
0.5097 0.1648
0.3871 0.8342
0.7003 0.1725
0.433 0.707
0.0294 0.6394
0.6361 0.3481
0.3799 0.0265
0.6364 0.5841
0.6698 0.5617
0.6546 0.7978
0.8492 0.5137
0.0888 0.2002
0.4324 0.3613
0.6687 0.1271
0.1506 0.0852
0.1028 0.6051
0.3463 0.0742
0.0276 0.2544
0.6717 0.3748
0.4091 0.5818
0.9256 0.7508
0.9046 0.5182
0.4025 0.6491
0.4636 0.566
0.1808 0.2394
0.7956 0.113
0.2752 0.5016
0.8926 0.2458
0.206 0.3202
0.5646 0.3622
0.2241 0.7796
0.2592 0.6643
0.8973 0.0244
0.6988 0.8805
0.7102 0.1686
0.0765 0.5789
0.3283 0.5344
0.5547 0.8523
0.6257 0.9215
0.6141 0.0164
0.0319 0.343
0.588 0.1091
0.9832 0.2816
0.0503 0.2598
0.8033 0.2053
0.9691 0.9825
0.1063 0.7242
0.7666 0.7801
0.9402 0.6422
0.5439 0.0681
0.0709 0.5186
0.7338 0.952
0.4145 0.7777
0.523 0.2753
0.6386 0.5246
0.1503 0.8711
0.0024 0.1111
0.7346 0.6357
0.6653 0.7219
0.7543 0.8588
0.1263 0.954
0.4016 0.2017
0.1708 0.8953
0.0223 0.0942
0.0518 0.0556
0.1256 0.6346
0.1907 0.9787
0.4483 0.7689
0.7397 0.6199
0.8874 0.0738
0.9902 0.5877
0.4225 0.9383
0.1618 0.1882
0.4123 0.2943
0.7699 0.9803
0.2548 0.9419
0.3938 0.8762
0.8614 0.3765
0.0739 0.3169
0.2499 0.4087
0.6006 0.3819
0.1192 0.695
0.7836 0.264
0.5178 0.6423
0.7471 0.0855
0.9554 0.9325
0.7176 0.8938
0.3785 0.0405
0.0676 0.5004
0.3608 0.9485
0.7103 0.3683
0.8051 0.9566
0.5104 0.7351
0.9829 0.84
0.2806 0.4554
0.6176 0.3289
0.6413 0.0084
0.2399 0.0419
0.7493 0.3747
0.5445 0.4948
0.1487 0.3862
0.9494 0.7859
0.269 0.0516
0.5152 0.121
0.3333 0.7594
0.9486 0.322
0.653 0.8606
0.2242 0.1396
0.3694 0.7589
0.4788 0.7167
0.7502 0.4441
0.9324 0.4824
0.3883 0.007
0.6525 0.524
0.0439 0.1609
0.7147 0.0923
0.4521 0.0865
0.3235 0.285
0.296 0.0715
0.8591 0.547
0.333 0.9612
0.4696 0.9915
0.1999 0.8056
0.2326 0.9671
0.6109 0.8367
0.2357 0.4563
0.8973 0.2314
0.6712 0.8991
0.842 0.5118
0.8283 0.6496
0.7283 0.3859
0.0948 0.3217
0.1834 0.4314
0.9681 0.6697
0.8088 0.7246
0.5354 0.0045
0.0057 0.7828
0.7989 0.1846
0.3274 0.0746
0.9473 0.857
0.0652 0.2756
0.5635 0.7792
0.4624 0.6355
0.4493 0.6763
0.9111 0.4407
0.9331 0.7859
0.9962 0.0914
0.026 0.9309
0.5073 0.8754
0.5159 0.9301
0.4675 0.9247
0.9241 0.1337
0.2245 0.8287
0.3612 0.3312
0.4169 0.2642
0.5472 0.3668
0.259 0.2229
0.7902 0.0823
0.8204 0.451
0.4616 0.372
0.0056 0.6943
0.7459 0.3146
0.5459 0.0199
0.1188 0.6163
0.063 0.7517
0.6383 0.1135
0.746 0.2295
0.475 0.5304
0.3622 0.784
0.4733 0.2709
0.7082 0.3428
0.4454 0.8964
0.2128 0.0222
0.2048 0.5039
0.1241 0.5403
0.2108 0.7735
0.3216 0.5646
0.604 0.9745
0.09 0.9325
0.3888 0.5718
0.3151 0.4261
0.7312 0.8096
0.3204 0.3216
0.6733 0.7576
0.5766 0.5472
0.3185 0.4197
0.1023 0.7269
0.1144 0.5124
0.5171 0.5315
0.6716 0.8031
0.0881 0.5177
0.2559 0.334
0.6775 0.8403
0.3306 0.8913
0.7805 0.3269
0.3262 0.215
0.3318 0.9431
0.6162 0.1539
0.5794 0.5048
0.1209 0.9036
0.7674 0.7041
0.3694 0.8579
0.8351 0.9098
0.1317 0.1754
0.2959 0.5861
0.2229 0.9449
0.7314 0.7592
0.1672 0.354
0.0297 0.722
0.0622 0.4408
0.2219 0.2251
0.1268 0.198
0.4841 0.566
0.0646 0.7447
0.0795 0.2595
0.7457 0.9164
0.504 0.5248
0.1777 0.5864
0.444 0.3218
0.2802 0.0327
0.0952 0.7869
0.985 0.5631
0.7436 0.9224
0.052 0.7784
0.7617 0.6003
0.8054 0.6932
0.966 0.7363
0.307 0.5389
0.4174 0.9294
0.4162 0.8467
0.603 0.933
0.9451 0.7833
0.2072 0.4174
0.3445 0.5055
0.9396 0.8787
0.1057 0.6385
0.1264 0.836
0.7977 0.3244
0.1108 0.5912
0.4424 0.3915
0.9379 0.0328
0.8968 0.4611
0.3589 0.0761
0.9227 0.62
0.681 0.1894
0.5284 0.6783
0.4336 0.493
0.6917 0.8039
0.2729 0.0249
0.5892 0.7209
0.1605 0.1376
0.1994 0.8147
0.9345 0.018
0.8703 0.6415
0.4012 0.4068
0.8559 0.7532
0.5185 0.1927
0.5813 0.3635
0.5945 0.6936
0.8198 0.8459
0.5138 0.2581
0.0025 0.5614
0.3577 0.4538
0.9344 0.7954
0.6064 0.6808
0.1165 0.7457
0.0471 0.5522
0.7636 0.048
0.3688 0.6584
0.8537 0.3355
0.0291 0.6939
0.157 0.6328
0.9028 0.3942
0.0255 0.2664
0.9373 0.6889
0.512 0.4626
0.7156 0.8748
0.5774 0.1896
0.9526 0.8009
0.5255 0.8644
0.5968 0.8671
0.6865 0.3613
0.9251 0.7673
0.3657 0.5428
0.4508 0.8566
0.4447 0.599
0.9669 0.9288
0.208 0.881
0.7138 0.4815
0.2383 0.5078
0.3316 0.7691
0.6233 0.7273
0.9974 0.3857
0.5105 0.5226
0.2318 0.1317
0.9628 0.6415
0.1449 0.7574
0.8461 0.4192
0.2935 0.7632
0.7573 0.0484
0.3824 0.1654
0.0902 0.9674
0.5007 0.1189
0.5105 0.3475
0.4542 0.4963
0.9388 0.6674
0.3832 0.9682
0.3351 0.2121
0.9702 0.8233
0.184 0.5285
0.2951 0.7805
0.6439 0.824
0.3719 0.2418
0.6623 0.3957
0.8515 0.5291
0.8798 0.0177
0.027 0.4999
0.5606 0.6431
0.7957 0.1861
0.6606 0.3807
0.8754 0.2947
0.2508 0.0033
0.3017 0.551
0.275 0.1069
0.3772 0.4793
0.6299 0.1132
0.9626 0.3494
0.0228 0.9884
0.7216 0.4102
0.6055 0.8645
0.0199 0.2359
0.3262 0.8101
0.8918 0.6122
0.1548 0.3342
0.2088 0.1644
0.9193 0.8338
0.6702 0.7036
0.8369 0.4377
0.8346 0.375
0.6775 0.4782
0.6131 0.538
0.1096 0.3334
0.9502 0.428
0.6369 0.5784
0.9198 0.1352
0.9504 0.8191
0.2217 0.34
0.0434 0.5986
0.4047 0.5231
0.7898 0.2687
0.4742 0.1787
0.5341 0.5109
0.0736 0.2174
0.4971 0.5492
0.7242 0.8577
0.1291 0.0854
0.2861 0.7622
0.3289 0.0787
0.666 0.4331
0.735 0.6978
0.0053 0.8943
0.7346 0.6183
0.9448 0.1157
0.0404 0.8746
0.5292 0.2234
0.4359 0.1638
0.3784 0.2459
0.4288 0.1041
0.4264 0.328
0.2454 0.469
0.153 0.9044
0.3542 0.0071
0.3859 0.4523
0.4001 0.8078
0.7835 0.7353
0.622 0.31
0.1728 0.1788
0.4895 0.2837
0.7303 0.8811
0.5281 0.7377
0.8641 0.5826
0.8793 0.6475
0.2956 0.1006
0.8422 0.403
0.1768 0.35
0.0551 0.3522
0.3822 0.7268
0.1222 0.5465
0.854 0.2012
0.1237 0.3003
0.0826 0.279
0.4919 0.1126
0.8031 0.9863
0.6389 0.8988
0.4326 0.8294
0.3984 0.5766
0.7017 0.9704
0.7393 0.1913
0.5409 0.0118
0.3655 0.253
0.0498 0.5569
0.9147 0.3006
0.7127 0.1119
0.8176 0.9979
0.0439 0.1285
0.5862 0.7411
0.5933 0.672
0.5472 0.3949
0.9637 0.6348
0.544 0.9836
0.4715 0.3213
0.8246 0.3312
0.5053 0.6499
0.231 0.332
0.685 0.4403
0.1601 0.4639
0.9076 0.6937
0.2531 0.3177
0.4695 0.1151
0.2748 0.5518
0.2364 0.892
0.0872 0.9046
0.6051 0.6178
0.3358 0.2991
0.6428 0.6914
0.364 0.814
0.4514 0.8641
0.9285 0.2104
0.5887 0.4102
0.4197 0.7231
0.3262 0.2311
0.0079 0.7647
0.7259 0.5348
0.4664 0.4546
0.9717 0.1436
0.054 0.8714
0.3618 0.7523
0.2837 0.42
0.9671 0.5759
0.3599 0.9701
0.2348 0.719
0.3805 0.2906
0.1107 0.8259
0.6643 0.6275
0.341 0.9838
0.04 0.9033
0.9033 0.0021
0.3158 0.0525
0.6102 0.3424
0.7963 0.7815
0.7626 0.5262
0.5605 0.6731
0.6799 0.7954
0.4819 0.6464
0.7094 0.7019
0.2493 0.0767
0.1019 0.5667
0.2482 0.2743
0.6764 0.7919
0.8867 0.0862
0.6332 0.2991
0.0296 0.787
0.5227 0.0317
0.3088 0.564
0.4236 0.659
0.1841 0.0129
0.6519 0.9983
0.125 0.0963
0.7023 0.084
0.7778 0.4059
0.5793 0.5941
0.3554 0.0066
0.7596 0.8501
0.8567 0.2243
0.3149 0.482
0.8064 0.4629
0.2771 0.531
0.7941 0.0594
0.549 0.7778
0.8682 0.3703
0.242 0.6891
0.9704 0.8228
0.9234 0.293
0.7064 0.3285
0.7735 0.5276
0.4558 0.4635
0.0661 0.3833
0.4322 0.5869
0.566 0.8434
0.2172 0.0153
0.1437 0.5925
0.5839 0.0904
0.3867 0.1133
0.0374 0.5759
0.414 0.0674
0.3549 0.9768
0.8647 0.7253
0.857 0.0142
0.2132 0.6092
0.3497 0.3438
0.0933 0.3525
0.9027 0.9365
0.252 0.9742
0.3107 0.9666
0.1128 0.4652
0.048 0.308
0.3243 0.9775
0.8951 0.6495
0.6718 0.5617
0.7426 0.4605
0.0238 0.9003
0.9183 0.2174
0.2325 0.0981
0.9006 0.7807
0.5543 0.8247
0.0877 0.1509
0.1536 0.2998
0.3077 0.635
0.3631 0.5676
0.7201 0.0059
0.3533 0.1959
0.3918 0.1001
0.6643 0.7474
0.9022 0.6085
0.9148 0.2194
0.2462 0.6608
0.7154 0.0336
0.3054 0.7746
0.8683 0.2326
0.2416 0.7461
0.3245 0.3467
0.2029 0.2966
0.9837 0.7667
0.552 0.3883
0.336 0.2403
0.6754 0.4274
0.8064 0.4482
0.5873 0.8003
0.9068 0.8432
0.8365 0.8033
0.1789 0.4379
0.641 0.2118
0.7992 0.2316
0.4386 0.7522
0.1108 0.4615
0.0865 0.2832
0.1709 0.0447
0.2477 0.9787
0.2245 0.4459
0.3931 0.9258
0.4007 0.4421
0.0816 0.2381
0.3072 0.1964
0.3343 0.1601
0.4012 0.4746
0.6061 0.6371
0.7693 0.5009
0.0063 0.8998
0.2247 0.0297
0.994 0.3841
0.1626 0.5532
0.054 0.7434
0.296 0.6095
0.7173 0.6456
0.4709 0.1553
0.108 0.9278
0.2863 0.6687
0.4551 0.7282
0.1467 0.0104
0.8332 0.5245
0.6688 0.9353
0.8746 0.2528
0.1108 0.4695
0.9638 0.172
0.4922 0.4611
0.6815 0.4704
0.1089 0.2141
0.7156 0.9277
0.5674 0.9006
0.8686 0.2431
0.6742 0.7654
0.7336 0.9227
0.1675 0.6775
0.3313 0.2781
0.5322 0.8562
0.7957 0.6634
0.6434 0.022
0.7968 0.095
0.0756 0.2307
0.2735 0.4328
0.7776 0.2684
0.4354 0.3919
0.7829 0.6476
0.0256 0.1612
0.9067 0.7114
0.2736 0.9125
0.3935 0.2722
0.9521 0.6551
0.4594 0.4454
0.647 0.0863
0.8356 0.9912
0.9066 0.8714
0.7544 0.7504
0.8058 0.802
0.7078 0.456
0.056 0.6598
0.5396 0.2188
0.7152 0.826
0.2696 0.9174
0.0664 0.995
0.8865 0.988
0.5175 0.591
0.6851 0.3159
0.6965 0.8533
0.15 0.3948
0.7642 0.9477
0.6456 0.6418
0.5865 0.5814
0.4111 0.264
0.0658 0.3034
0.3022 0.4987
0.0371 0.346
0.8048 0.0534
0.536 0.3536
0.1849 0.0779
0.2907 0.1172
0.6519 0.5505
0.7127 0.3693
0.3895 0.9648
0.9183 0.6897
0.255 0.2583
0.4303 0.1927
0.2426 0.5034
0.7982 0.8956
0.1874 0.375
0.6895 0.814
0.0984 0.1533
0.2858 0.6726
0.6856 0.5161
0.0708 0.1675
0.1313 0.8999
0.5434 0.6827
0.4091 0.1786
0.1434 0.3451
0.5487 0.1834
0.0218 0.7509
0.5746 0.4373
0.2376 0.8191
0.5842 0.5643
0.472 0.0397
0.7784 0.3714
0.5885 0.2694
0.7272 0.2249
0.4982 0.5369
0.6732 0.8506
0.6908 0.9546
0.4789 0.6415
0.6948 0.3057
0.1791 0.3179
0.0669 0.9568
0.8543 0.2912
0.8565 0.8078
0.9904 0.6621
0.5878 0.8363
0.3862 0.0572
0.2859 0.7939
0.1566 0.6525
0.6792 0.2316
0.5402 0.2395
0.953 0.7808
0.9858 0.2745
0.1998 0.0834
0.6181 0.7713
0.4992 0.6416
0.6672 0.9871
0.8397 0.6774
0.9823 0.7232
0.7133 0.882
0.925 0.2996
0.9152 0.9035
0.8108 0.8982
0.3995 0.294
0.4666 0.4651
0.9202 0.3102
0.1869 0.0105
0.9544 0.2479
0.7529 0.7171
0.8906 0.6272
0.1482 0.9491
0.8876 0.0851
0.2484 0.6046
0.6055 0.755
0.3676 0.2004
0.0813 0.9077
0.3543 0.2538
0.269 0.2598
0.6925 0.1409
0.4782 0.5458
