0.4971 0.2536
0.4108 0.7083
0.0499 0.955
0.0716 0.1318
0.9226 0.91
0.4904 0.0516
0.415 0.8086
0.0281 0.534
0.2455 0.8704
0.1927 0.4705
0.9489 0.4379
0.2352 0.1388
0.754 0.2213
0.8537 0.4096
0.674 0.7188
0.0387 0.2071
0.6525 0.5684
0.2592 0.3687
0.0872 0.9125
0.5953 0.0553
0.7958 0.5439
0.6632 0.6376
0.1355 0.9271
0.7412 0.342
0.0463 0.9206
0.4114 0.839
0.6191 0.3694
0.4944 0.6314
0.6319 0.4845
0.6356 0.3299
0.697 0.7267
0.2143 0.2668
0.363 0.9943
0.3672 0.13
0.1408 0.284
0.1748 0.2706
0.1798 0.3201
0.6813 0.7148
0.9712 0.0644
0.7219 0.1484
0.9697 0.3559
0.9782 0.9144
0.8501 0.7038
0.383 0.6706
0.6826 0.2647
0.6056 0.3584
0.9328 0.2777
0.7999 0.6389
0.0438 0.5984
0.9913 0.0789
0.3365 0.6806
0.2334 0.6475
0.8948 0.0675
0.4575 0.3718
0.9948 0.1611
0.724 0.7988
0.5541 0.1796
0.0835 0.1531
0.9484 0.4008
0.9561 0.8089
0.0373 0.3785
0.8609 0.9801
0.9873 0.2139
0.8005 0.6566
0.6643 0.0817
0.5406 0.7353
0.0097 0.9979
0.4331 0.2601
0.048 0.5247
0.2693 0.9747
0.3162 0.6528
0.6922 0.9797
0.6711 0.7091
0.2941 0.5796
0.0755 0.0072
0.2215 0.3001
0.3699 0.1193
0.5862 0.8202
0.7174 0.1692
0.7798 0.9264
0.9359 0.3232
0.0997 0.3542
0.1187 0.8699
0.8906 0.7167
0.0077 0.6595
0.7986 0.114
0.4357 0.9274
0.9427 0.428
0.9362 0.7697
0.63 0.1366
0.0615 0.6779
0.7725 0.8377
0.3235 0.6358
0.2575 0.5605
0.5913 0.1573
0.0385 0.1919
0.8091 0.8135
0.913 0.4035
0.4512 0.812
0.4538 0.9256
0.0649 0.779
0.7022 0.2577
0.6957 0.0379
0.6895 0.718
0.1609 0.6931
0.796 0.6824
0.1162 0.2188
0.5865 0.7365
0.7896 0.035
0.4878 0.5887
0.9301 0.8821
0.4792 0.0925
0.4682 0.0565
0.1678 0.5986
0.9043 0.8616
0.6474 0.2026
0.7461 0.5922
0.43 0.5041
0.0352 0.0964
0.9794 0.0549
0.8169 0.533
0.4849 0.5427
0.7949 0.5183
0.3499 0.5411
0.9443 0.8599
0.9897 0.8845
0.8755 0.8439
0.776 0.187
0.6838 0.9111
0.3276 0.8398
0.8477 0.8925
0.9614 0.4814
0.4644 0.4485
0.5596 0.8972
0.9138 0.2919
0.4966 0.0967
0.4692 0.2148
0.339 0.8527
0.759 0.6962
0.1207 0.9991
0.2289 0.5858
0.5459 0.0036
0.8681 0.4772
0.8514 0.1225
0.7594 0.0115
0.3832 0.2314
0.3784 0.0147
0.4542 0.2797
0.0799 0.9889
0.9714 0.2634
0.8996 0.1684
0.5675 0.9337
0.6343 0.5869
0.182 0.1281
0.9188 0.4172
0.5013 0.3467
0.6347 0.1192
0.6208 0.5829
0.4002 0.2317
0.981 0.1014
0.45 0.1986
0.2181 0.6917
0.2309 0.6354
0.6311 0.4294
0.775 0.1361
0.3061 0.4642
0.1876 0.1015
0.4261 0.8304
0.87 0.3329
0.0226 0.8214
0.4583 0.8882
0.2539 0.5738
0.5209 0.3118
0.2732 0.7346
0.1086 0.1284
0.9837 0.0506
0.0005 0.6494
0.5175 0.4555
0.8333 0.6292
0.4346 0.6199
0.4333 0.2748
0.4435 0.2735
0.9459 0.7378
0.852 0.4413
0.1882 0.9693
0.9875 0.1297
0.0761 0.5594
0.0552 0.8983
0.9045 0.3021
0.0178 0.1482
0.8862 0.531
0.2092 0.1267
0.1255 0.2361
0.9705 0.043
0.6384 0.4075
0.2783 0.8263
0.108 0.1765
0.7373 0.5725
0.6482 0.8684
0.7843 0.0651
0.8544 0.5243
0.6785 0.0874
0.8696 0.8014
0.8175 0.7327
0.3269 0.0754
0.1804 0.6164
0.4175 0.7146
0.5904 0.2652
0.603 0.8776
0.7565 0.447
0.9963 0.9571
0.2657 0.8102
0.9535 0.2648
0.6602 0.8838
0.969 0.6455
0.8943 0.0192
0.7446 0.9708
0.3633 0.04
0.5731 0.6804
0.9168 0.2539
0.4008 0.5729
0.4255 0.7347
0.205 0.6193
0.9594 0.256
0.5575 0.2056
0.8611 0.2436
0.6812 0.2764
0.6532 0.1842
0.4019 0.6742
0.2085 0.4076
0.0381 0.2535
0.3066 0.6652
0.0552 0.4028
0.2987 0.1814
0.4907 0.6819
0.2944 0.6432
0.4112 0.2201
0.8966 0.1036
0.6941 0.6314
0.6053 0.4463
0.1111 0.4554
0.3856 0.1602
0.1071 0.2784
0.3764 0.6459
0.8328 0.6501
0.7289 0.8111
0.5562 0.1134
0.7496 0.787
0.24 0.5697
0.4041 0.1766
0.5798 0.5713
0.2843 0.8151
0.6619 0.373
0.1227 0.1138
0.0482 0.8921
0.0435 0.5037
0.0535 0.5221
0.8572 0.2174
0.6614 0.5518
0.8259 0.2129
0.4795 0.9906
0.2475 0.612
0.1367 0.1874
0.1225 0.3495
0.204 0.6502
0.6149 0.6222
0.5304 0.6928
0.7681 0.3618
0.1811 0.7247
0.0557 0.8104
0.2191 0.0501
0.5714 0.177
0.759 0.8479
0.1669 0.3162
0.2062 0.057
0.5017 0.2233
0.5029 0.8908
0.8007 0.8069
0.366 0.7938
0.4304 0.2277
0.8047 0.984
0.9027 0.6298
0.8645 0.9889
0.9743 0.8852
0.3331 0.8263
0.7014 0.1289
0.8863 0.5213
0.4338 0.9541
0.6858 0.4746
0.216 0.0544
0.0332 0.2497
0.6472 0.8981
0.6247 0.7536
0.5479 0.009
0.496 0.3886
0.7469 0.4347
0.6473 0.5281
0.3875 0.559
0.4685 0.9437
0.5063 0.6897
0.0563 0.9304
0.3352 0.9805
0.2098 0.7219
0.2813 0.4302
0.0323 0.2298
0.5263 0.2142
0.2621 0.6013
0.2792 0.6029
0.4696 0.6712
0.0825 0.2118
0.7119 0.6368
0.0048 0.37
0.8166 0.3419
0.7695 0.9009
0.376 0.7469
0.3359 0.5869
0.7663 0.8335
0.8485 0.1816
0.56 0.8536
0.6101 0.6587
0.2741 0.1716
0.4456 0.4532
0.7829 0.3048
0.2026 0.019
0.4471 0.561
0.8563 0.9139
0.6532 0.3669
0.3972 0.1383
0.5172 0.3827
0.8214 0.023
0.3675 0.2868
0.802 0.6006
0.699 0.6114
0.6671 0.8125
0.6773 0.8922
0.7412 0.4875
0.0831 0.8475
0.3071 0.7525
0.5403 0.5076
0.1371 0.5482
0.5401 0.4193
0.6411 0.7468
0.4123 0.5789
0.4406 0.5077
0.3295 0.6941
0.941 0.9951
0.1536 0.1055
0.8231 0.297
0.846 0.8707
0.4968 0.8475
0.6505 0.3192
0.189 0.1857
0.9348 0.3211
0.7629 0.709
0.8892 0.8709
0.9129 0.9539
0.1267 0.3207
0.6188 0.2087
0.318 0.5127
0.2077 0.1297
0.47 0.431
0.832 0.1358
0.4745 0.0299
0.5553 0.0569
0.1272 0.433
0.8616 0.9933
0.5798 0.4237
0.4377 0.3125
0.4352 0.6752
0.288 0.7606
0.5357 0.502
0.1771 0.1634
0.0869 0.0419
0.8911 0.7894
0.9694 0.2643
0.3424 0.2206
0.5207 0.6904
0.4875 0.7603
0.441 0.1738
0.0169 0.3627
0.3192 0.0282
0.0015 0.72
0.6262 0.1784
0.5302 0.6366
0.6187 0.7446
0.1754 0.4565
0.7911 0.5849
0.9997 0.6155
0.4988 0.9682
0.0125 0.3433
0.958 0.6965
0.4433 0.0751
0.8322 0.7163
0.9693 0.2633
0.3727 0.6737
0.5714 0.5429
0.655 0.6963
0.9982 0.3502
0.9608 0.9612
0.9464 0.0421
0.8458 0.8538
0.6233 0.8742
0.6768 0.6466
0.0183 0.0066
0.3272 0.8685
0.8313 0.4383
0.0028 0.5088
0.763 0.055
0.2792 0.0422
0.7032 0.087
0.3478 0.3888
0.2035 0.0432
0.864 0.2241
0.6564 0.429
0.2486 0.2473
0.2836 0.026
0.0609 0.4236
0.2216 0.3427
0.9083 0.982
0.0202 0.3129
0.0496 0.6649
0.2023 0.9895
0.2644 0.6586
0.9413 0.5631
0.3612 0.8638
0.8238 0.7534
0.6078 0.0071
0.6758 0.4268
0.8272 0.1547
0.1313 0.5866
0.1913 0.5668
0.4405 0.9837
0.5403 0.4984
0.4061 0.3317
0.77 0.0937
0.6939 0.744
0.8537 0.1625
0.121 0.6752
0.1238 0.463
0.237 0.7769
0.2874 0.3045
0.2196 0.8017
0.158 0.4196
0.9812 0.1841
0.3656 0.245
0.4531 0.4484
0.5012 0.5895
0.3027 0.2327
0.9689 0.5364
0.9254 0.9631
0.5253 0.722
0.5199 0.4733
0.7878 0.6006
0.8859 0.5312
0.4384 0.1027
0.3653 0.0338
0.039 0.3604
0.6768 0.9941
0.3151 0.7364
0.7269 0.3935
0.9187 0.3734
0.2621 0.8121
0.6271 0.6719
0.4146 0.4699
0.3891 0.9554
0.9685 0.2717
0.2073 0.0368
0.0947 0.5508
0.741 0.8366
0.0846 0.8083
0.913 0.4866
0.8784 0.5234
0.1143 0.1888
0.2221 0.961
0.1765 0.5891
0.8935 0.6353
0.3018 0.3522
0.8874 0.8431
0.9381 0.1739
0.6909 0.1674
0.159 0.685
0.3336 0.2584
0.4733 0.0595
0.4093 0.8788
0.9193 0.148
0.7133 0.9616
0.2266 0.0271
0.149 0.3823
0.7625 0.2041
0.5425 0.5483
0.3093 0.1324
0.2705 0.6735
0.2536 0.7502
0.6074 0.0772
0.0389 0.3293
0.4389 0.0717
0.7343 0.3982
0.28 0.6617
0.0395 0.8891
0.684 0.9321
0.0398 0.9446
0.0552 0.4708
0.562 0.6772
0.1154 0.3118
0.7331 0.7378
0.2684 0.3387
0.5404 0.9786
0.184 0.9917
0.1425 0.0834
0.181 0.9122
0.9782 0.4333
0.3412 0.7404
0.5141 0.5342
0.8443 0.4011
0.6038 0.551
0.3409 0.1898
0.149 0.8224
0.3021 0.7988
0.0252 0.0748
0.2615 0.3149
0.7197 0.4436
0.7975 0.0084
0.5705 0.6571
0.3351 0.0197
0.1684 0.9197
0.206 0.4314
0.1463 0.6516
0.0399 0.0855
0.6797 0.1096
0.5424 0.9941
0.8942 0.3294
0.8034 0.8017
0.5568 0.7025
0.5754 0.7661
0.1601 0.6013
0.5318 0.8769
0.0664 0.9826
0.1621 0.4158
0.6281 0.3938
0.0172 0.9927
0.3059 0.4751
0.3355 0.6949
0.3359 0.1502
0.7626 0.8418
0.9054 0.5317
0.2664 0.7246
0.706 0.2576
0.4185 0.8936
0.7506 0.1665
0.8749 0.8587
0.0426 0.8908
0.8867 0.7309
0.0992 0.4582
0.2241 0.0005
0.0463 0.1253
0.5554 0.2751
0.3751 0.8656
0.138 0.2009
0.3403 0.3487
0.9936 0.9567
0.4257 0.4668
0.9201 0.7926
0.2236 0.7359
0.6398 0.9296
0.4828 0.4109
0.6507 0.0659
0.2283 0.872
0.1469 0.2108
0.7186 0.8412
0.2556 0.4693
0.2611 0.0438
0.8861 0.1867
0.6634 0.8237
0.8406 0.0703
0.9181 0.1533
0.8392 0.205
0.0144 0.8227
0.3523 0.2166
0.9985 0.4464
0.206 0.5427
0.0264 0.096
0.3299 0.2476
0.4601 0.9612
0.7697 0.7664
0.6831 0.9121
0.1489 0.2488
0.4948 0.6596
0.9516 0.4352
0.3617 0.2508
0.677 0.4336
0.6247 0.6207
0.2411 0.1601
0.5679 0.0119
0.798 0.6393
0.4308 0.8502
0.3531 0.3396
0.566 0.2178
0.7246 0.4613
0.3603 0.1746
0.3392 0.5182
0.4983 0.6962
0.0383 0.5873
0.9309 0.5965
0.2291 0.9702
0.4443 0.4811
0.4563 0.7173
0.9943 0.832
0.1642 0.8256
0.8848 0.3665
0.5869 0.7523
0.5878 0.8118
0.5664 0.9355
0.0197 0.9862
0.7566 0.0545
0.7854 0.7862
0.3229 0.6735
0.5436 0.2112
0.1308 0.6187
0.7705 0.3623
0.0577 0.8663
0.0526 0.1309
0.8224 0.9911
0.9374 0.1761
0.5481 0.143
0.7103 0.7025
0.2978 0.8752
0.22 0.8359
0.3083 0.5355
0.2317 0.3868
0.2721 0.2459
0.7061 0.1762
0.5109 0.2578
0.1843 0.8336
0.1645 0.7097
0.7009 0.6968
0.6068 0.5835
0.8874 0.033
0.3009 0.0282
0.3845 0.3224
0.8054 0.8742
0.7782 0.287
0.0581 0.0925
0.9115 0.9504
0.7963 0.0992
0.8428 0.6707
0.3898 0.3118
0.663 0.0844
0.3238 0.5182
0.1177 0.7024
0.7021 0.9511
0.4279 0.9454
0.7232 0.8751
0.4463 0.7825
0.7023 0.9572
0.431 0.0644
0.1084 0.6739
0.2682 0.662
0.2085 0.1076
0.1427 0.0937
0.3385 0.6172
0.8708 0.6805
0.8761 0.4327
0.709 0.611
0.7829 0.2643
0.2937 0.8362
0.2562 0.0767
0.941 0.0341
0.261 0.0755
0.6079 0.1953
0.5727 0.8918
0.3845 0.0119
0.5286 0.7747
0.8001 0.718
0.7758 0.2354
0.9718 0.7522
0.6687 0.9501
0.0797 0.5952
0.3448 0.9295
0.3321 0.5158
0.3572 0.7175
0.5422 0.0711
0.3528 0.0451
0.9507 0.1218
0.2179 0.0122
0.3126 0.2647
0.7291 0.6912
0.8595 0.8955
0.3085 0.2358
0.7869 0.5599
0.5577 0.921
0.7909 0.5401
0.1356 0.4843
0.1864 0.146
0.3277 0.5244
0.3309 0.5741
0.2579 0.5095
0.6091 0.5616
0.2477 0.7584
0.9603 0.1747
0.4538 0.0962
0.4481 0.9051
0.7036 0.1623
0.9212 0.9007
0.0454 0.1837
0.3425 0.3459
0.3093 0.2478
0.1726 0.0616
0.2603 0.0832
0.7146 0.4775
0.8349 0.8157
0.6699 0.7768
0.6443 0.8095
0.629 0.3289
0.8781 0.5549
0.292 0.4687
0.7912 0.6946
0.6481 0.4137
0.0316 0.253
0.9497 0.2172
0.0644 0.2867
0.5687 0.7081
0.2127 0.2158
0.9378 0.1219
0.5766 0.481
0.7788 0.3803
0.1188 0.8338
0.0441 0.3474
0.6865 0.1906
0.9961 0.0607
0.2263 0.0142
0.3927 0.4728
0.4343 0.9935
0.6732 0.282
0.808 0.6703
0.705 0.4526
0.1756 0.9184
0.7464 0.9864
0.2147 0.0022
0.0155 0.1385
0.9728 0.6092
0.915 0.4635
0.0803 0.1751
0.3734 0.9142
0.8187 0.9994
0.1759 0.5387
0.1832 0.8418
0.5812 0.4952
0.3226 0.486
0.2341 0.7416
0.9149 0.6475
0.2772 0.6864
0.2291 0.3268
0.2464 0.1802
0.4992 0.3715
0.4694 0.7267
0.427 0.4202
0.0852 0.7728
0.0021 0.7437
0.571 0.9218
0.5451 0.9283
0.1878 0.4987
0.3348 0.3772
0.6224 0.8552
0.5326 0.2621
0.2609 0.2725
0.1121 0.7485
0.0039 0.0021
0.8582 0.4678
0.4122 0.0931
0.7376 0.1591
0.6753 0.1148
0.2981 0.6493
0.8393 0.5946
0.0297 0.9915
0.0451 0.2752
0.3045 0.4751
0.8409 0.9314
0.9764 0.9032
0.763 0.4748
0.3977 0.5198
0.4202 0.5151
0.3673 0.8465
0.6566 0.1859
0.0793 0.1343
0.6531 0.659
0.246 0.5233
0.7671 0.5783
0.4164 0.9367
0.2772 0.6101
0.0611 0.0175
0.8493 0.503
0.8716 0.4953
0.7651 0.0239
0.9192 0.224
0.3727 0.994
0.2183 0.8995
0.853 0.2229
0.7216 0.3737
0.0259 0.2691
0.095 0.012
0.707 0.1649
0.2418 0.782
0.4574 0.6032
0.648 0.8786
0.9172 0.1818
0.8238 0.4862
0.8521 0.4481
0.9476 0.7062
0.7928 0.9605
0.7335 0.7458
0.1659 0.2869
0.4694 0.7476
0.8909 0.3626
0.8421 0.9312
0.9775 0.8335
0.0911 0.1346
0.7609 0.5476
0.1303 0.5158
0.818 0.0959
0.0092 0.9376
0.6062 0.4442
0.1982 0.9053
0.2554 0.0164
0.5753 0.2778
0.6512 0.7148
0.3508 0.0143
0.5725 0.4295
0.5989 0.2719
0.4904 0.1173
0.6018 0.1747
0.7054 0.7884
0.2983 0.5488
0.3956 0.1182
0.9289 0.8969
0.8808 0.0121
0.6663 0.4528
0.3438 0.5231
0.5429 0.7745
0.9939 0.6651
0.5077 0.5098
0.8005 0.4248
0.9389 0.6483
0.6259 0.0818
0.7023 0.6736
0.1781 0.3779
0.695 0.7674
0.5295 0.2183
0.7238 0.1327
0.5442 0.425
0.2301 0.0315
0.5776 0.8669
0.6712 0.7153
0.3965 0.424
0.9997 0.8777
0.4413 0.1039
0.4648 0.5417
0.5194 0.6012
0.4047 0.5371
0.9485 0.5337
0.9807 0.9862
0.15 0.6085
0.2015 0.5775
0.8793 0.331
0.8595 0.0291
0.6317 0.151
0.2434 0.8114
0.9574 0.1164
0.3637 0.5064
0.8565 0.8567
0.6541 0.145
0.1158 0.0586
0.687 0.6903
0.6438 0.3626
0.3585 0.4925
0.3389 0.5403
0.0904 0.4466
0.8253 0.1695
0.7801 0.3255
0.4827 0.5931
0.8147 0.0458
0.5803 0.4999
0.579 0.1556
0.764 0.6158
0.5606 0.9218
0.4092 0.8204
0.0034 0.6825
0.1852 0.9826
0.9442 0.8609
0.1513 0.6309
0.2237 0.738
0.5921 0.0435
0.0098 0.2876
0.9153 0.0941
0.4439 0.482
0.7954 0.4002
0.0085 0.8842
0.427 0.3968
0.3444 0.9683
0.0087 0.5378
0.1039 0.0502
0.4386 0.2539
0.7245 0.2113
0.7642 0.8889
0.4706 0.2503
0.7474 0.0602
0.0695 0.8287
0.439 0.6081
0.3554 0.4515
0.4298 0.1561
0.108 0.1311
0.4755 0.4163
0.9123 0.4603
0.4997 0.3273
0.2349 0.3885
0.1044 0.7062
0.6561 0.3119
0.1554 0.3506
0.0741 0.1131
0.5834 0.5708
0.6891 0.1466
0.4002 0.7868
0.3745 0.685
0.414 0.0281
0.9706 0.3539
0.5844 0.7321
0.7108 0.7955
0.7876 0.3797
0.7392 0.9673
0.0941 0.557
0.4287 0.3114
0.6985 0.1768
0.4946 0.5872
0.0044 0.6572
0.8449 0.2949
0.054 0.984
0.8884 0.6886
0.7618 0.4548
0.9463 0.9834
0.8459 0.145
0.6339 0.1743
0.0342 0.9625
0.6364 0.1678
0.254 0.3162
0.2656 0.2121
0.9179 0.8726
0.7476 0.3192
0.914 0.0364
0.1075 0.6854
0.8886 0.4575
0.6921 0.3296
0.1511 0.7899
0.029 0.2672
0.8421 0.1002
0.0586 0.084
0.4559 0.7773
0.6763 0.6292
0.9365 0.42
0.8519 0.0703
0.7911 0.9789
0.3328 0.8791
0.7549 0.5198
0.0783 0.6763
0.315 0.3399
0.3704 0.5238
0.8325 0.6443
0.3269 0.2209
0.1316 0.2015
0.9502 0.3435
0.2839 0.5577
0.3242 0.1496
0.1164 0.8438
0.2756 0.6406
0.3098 0.5179
0.6856 0.2553
0.6799 0.8717
0.6793 0.8257
0.6499 0.7631
0.6164 0.4154
0.5308 0.2588
0.4915 0.8086
0.5851 0.0693
0.1133 0.307
0.4804 0.2568
0.2576 0.5716
0.9936 0.49
0.7014 0.1314
0.2362 0.2474
0.2011 0.536
0.943 0.3593
0.8844 0.3956
0.9419 0.9137
0.02 0.9033
0.6799 0.1742
0.8515 0.0598
0.0594 0.5546
0.8837 0.8097
0.8232 0.5758
0.2079 0.6784
0.4226 0.6342
0.4073 0.4451
0.5775 0.1006
0.5952 0.8823
0.0734 0.4934
0.3136 0.3109
0.3801 0.6918
0.9929 0.7891
0.9896 0.309
0.707 0.0952
0.9357 0.0057
0.1032 0.1234
0.9731 0.9291
0.9715 0.1979
0.2125 0.2393
0.8083 0.673
0.1505 0.1771
0.7789 0.7964
0.553 0.5742
0.5666 0.0621
0.3914 0.8263
0.4492 0.129
0.5594 0.2585
0.5499 0.3254
0.4903 0.8012
0.1428 0.5542
0.6457 0.1339
0.9225 0.7083
0.0593 0.9869
0.6044 0.0864
0.0582 0.4944
0.6683 0.542
0.7864 0.1797
0.5664 0.6138
0.2712 0.8201
0.8576 0.227
0.1351 0.9016
0.2523 0.1353
0.3995 0.9722
0.7309 0.6299
0.1822 0.1939
0.0584 0.2
0.8614 0.6012
0.5625 0.0824
0.1066 0.0679
0.6598 0.6446
0.4279 0.4302
0.7414 0.2806
0.3118 0.2771
0.1972 0.7552
0.3404 0.1187
0.0466 0.9396
0.9632 0.7365
0.2081 0.2652
0.353 0.6708
0.0852 0.8218
0.144 0.4631
0.3397 0.7602
0.8988 0.6564
0.1891 0.6102
0.9881 0.8323
0.9934 0.8616
0.284 0.5361
0.5505 0.545
0.0587 0.7354
0.751 0.5112
0.2758 0.0484
0.2392 0.6004
0.2288 0.8431
0.645 0.6721
0.6832 0.7807
0.3088 0.196
0.9784 0.4043
0.1732 0.1244
0.5499 0.2281
0.8707 0.9041
0.0899 0.1985
0.6606 0.6682
0.1702 0.5752
0.011 0.1749
0.8973 0.0975
0.0099 0.7918
0.1273 0.3911
0.8494 0.4669
0.1833 0.9652
0.5076 0.7905
0.2768 0.0206
0.9674 0.8117
0.2954 0.1263
0.4385 0.6848
0.9841 0.8962
0.2696 0.6419
0.3351 0.7361
0.1694 0.1298
0.4446 0.0453
0.769 0.8407
0.4419 0.7242
0.1124 0.5145
0.7407 0.8995
0.355 0.0561
0.6854 0.7476
0.7597 0.9011
0.6771 0.2571
0.537 0.2033
0.5732 0.1766
0.8653 0.9104
0.5683 0.7208
0.667 0.0219
0.7656 0.512
0.7608 0.0285
0.7966 0.844
0.3698 0.983
0.812 0.3822
0.6584 0.1102
0.217 0.728
0.8576 0.1215
0.0937 0.7543
0.8932 0.7296
0.3472 0.5251
0.078 0.9365
0.5574 0.9881
0.6491 0.6025
0.1765 0.1127
0.7437 0.3961
0.7547 0.7038
0.3802 0.3369
0.728 0.787
0.703 0.3614
0.0391 0.6681
0.723 0.7546
0.1959 0.922
0.7521 0.8088
0.9054 0.0104
0.745 0.7843
0.052 0.7173
0.7341 0.9582
0.1699 0.5121
0.1596 0.3511
0.27 0.7028
0.6242 0.586
0.1125 0.2238
0.545 0.5821
0.4599 0.0415
0.3528 0.5847
0.2681 0.5981
0.5057 0.3745
0.9446 0.1489
0.5909 0.9671
0.1241 0.2609
0.9662 0.9748
0.843 0.4995
0.7859 0.979
0.4109 0.218
0.4864 0.3654
0.6564 0.5223
0.3626 0.3394
0.8091 0.4496
0.1106 0.9015
0.6294 0.1266
0.7502 0.2384
0.0112 0.9355
0.5225 0.312
0.3693 0.4519
0.3152 0.8725
0.8198 0.0136
0.8693 0.1009
0.0075 0.4152
0.8521 0.265
0.9026 0.0147
0.6308 0.7017
0.2095 0.4431
0.8968 0.4067
0.8885 0.3822
0.1569 0.5717
0.2838 0.4463
0.7532 0.0693
0.1626 0.2049
0.5354 0.6545
0.0226 0.9854
0.5378 0.4684
0.8388 0.4255
0.4768 0.8341
0.2193 0.5379
0.3825 0.8706
0.5417 0.106
0.5993 0.512
0.441 0.0758
0.6564 0.1803
0.5401 0.4928
0.5408 0.1673
0.0519 0.6802
0.1974 0.0464
0.9581 0.0589
0.0421 0.794
0.3537 0.308
0.0047 0.8955
0.8165 0.2279
0.0658 0.2421
0.9353 0.3969
0.6776 0.9563
0.5587 0.0538
0.5908 0.3291
0.6955 0.9073
0.4479 0.2092
0.028 0.5935
0.8037 0.9094
0.9518 0.7778
0.6068 0.8638
0.2792 0.5653
0.2397 0.0088
0.7018 0.2365
0.1214 0.0762
0.3131 0.4505
0.4321 0.0195
0.0548 0.2677
0.175 0.1897
0.0655 0.1074
0.5832 0.8812
0.8035 0.3895
0.9902 0.166
0.7237 0.5072
0.1791 0.4144
0.9271 0.9359
0.9702 0.3845
0.1351 0.477
0.8054 0.7222
0.9868 0.3031
0.8876 0.9979
0.2351 0.3828
0.9376 0.6968
0.7776 0.93
0.9849 0.1794
0.7845 0.555
0.7576 0.4987
0.433 0.7461
0.9138 0.7441
0.3709 0.7667
0.3322 0.9142
0.0974 0.7608
0.3692 0.2459
0.1536 0.8194
0.3728 0.5479
0.953 0.2078
0.1315 0.0958
0.039 0.3506
0.4188 0.9319
0.0449 0.3214
0.5175 0.5663
0.7033 0.1334
0.8088 0.2972
0.7484 0.9196
0.8983 0.8718
0.1223 0.1432
0.8207 0.3328
0.9543 0.335
0.2297 0.6768
0.7048 0.6305
0.4017 0.0855
0.0374 0.0511
0.6702 0.1558
0.8294 0.0626
0.3307 0.8301
0.6197 0.2283
0.0504 0.9275
0.6396 0.7377
0.5204 0.8014
0.808 0.2418
0.1917 0.4862
0.8392 0.0092
0.8895 0.273
0.3142 0.4109
0.182 0.5834
0.1711 0.6175
0.7377 0.0667
0.7727 0.0895
0.6012 0.5643
0.9382 0.9944
0.6554 0.8053
0.9783 0.4952
0.3329 0.5297
0.3209 0.7357
0.5514 0.027
0.0478 0.4671
0.381 0.0536
0.7179 0.8328
0.3477 0.4142
0.7834 0.8647
0.7222 0.7957
0.4686 0.5493
0.4869 0.4205
0.2577 0.6288
0.1013 0.847
0.9531 0.6059
0.2264 0.6651
0.5259 0.1438
0.6831 0.2585
0.5545 0.8679
0.7331 0.4635
0.3525 0.3829
0.2521 0.3852
0.4854 0.2056
0.7568 0.0365
0.7025 0.8077
0.8334 0.5826
0.7968 0.5384
0.6329 0.4724
0.4502 0.0633
0.2986 0.9441
0.2938 0.1262
0.1871 0.2798
0.4421 0.2712
0.3973 0.2711
0.2307 0.3473
0.926 0.4919
0.8722 0.4961
0.9141 0.8864
0.0249 0.3553
0.7711 0.8198
0.0441 0.5099
0.7916 0.7873
0.1429 0.7812
0.8626 0.315
0.6522 0.5782
0.0133 0.263
0.4839 0.1346
0.0804 0.7373
0.3149 0.1728
0.3781 0.6411
0.0731 0.3624
0.2522 0.1722
0.3256 0.6587
0.0936 0.2573
0.6154 0.49
0.4432 0.9996
0.1803 0.2048
0.8744 0.5412
0.3238 0.9867
0.4375 0.9804
0.83 0.2166
0.6816 0.0823
0.3192 0.5987
0.9561 0.6129
0.2031 0.5974
0.4985 0.8216
0.2228 0.5102
0.0204 0.9674
0.664 0.2162
0.2693 0.2922
0.9167 0.4136
0.517 0.2602
0.4201 0.7209
0.2658 0.3941
0.5037 0.6822
0.3837 0.2
0.2205 0.8878
0.2345 0.5493
0.1758 0.8437
0.0919 0.5809
0.5603 0.5008
0.2977 0.1494
0.4769 0.8239
0.4206 0.8849
0.0046 0.9776
0.644 0.9698
0.8395 0.5657
0.0214 0.1055
0.8702 0.5805
0.5302 0.1199
0.9865 0.6879
0.7232 0.5936
0.764 0.5147
0.714 0.7257
0.4484 0.2022
0.9931 0.9801
0.215 0.3203
0.4729 0.2607
0.4371 0.4869
0.387 0.5174
0.687 0.7681
0.5272 0.4841
0.2651 0.9955
0.268 0.714
0.9899 0.1031
0.4652 0.7999
0.7073 0.1116
0.2233 0.1114
0.3594 0.599
0.2327 0.0133
0.0193 0.7101
0.1082 0.6144
0.4913 0.8041
0.3626 0.3177
0.8703 0.1842
0.8479 0.0657
0.8487 0.7044
0.5897 0.6754
0.5335 0.0394
0.1028 0.4789
0.5759 0.6572
0.5446 0.6469
0.2403 0.8445
0.0969 0.6121
0.8585 0.5815
0.1428 0.0019
0.7643 0.7638
0.7828 0.5298
0.8021 0.3734
0.1163 0.3482
0.2557 0.367
0.6079 0.5209
0.6391 0.2656
0.9262 0.9016
0.9623 0.154
0.7711 0.4252
0.9956 0.6626
0.5243 0.8804
0.9833 0.3816
0.5302 0.4721
0.293 0.4927
0.4787 0.4506
0.9733 0.1617
0.7065 0.574
0.9793 0.3822
0.9255 0.1881
0.2969 0.2052
0.8095 0.1381
0.7407 0.2015
0.2429 0.7543
0.3015 0.8095
0.1968 0.9024
0.4915 0.2373
0.0724 0.5528
0.6167 0.7179
0.0052 0.5768
0.2768 0.0573
0.0973 0.2228
0.234 0.5696
0.7897 0.3812
0.6638 0.6723
0.5702 0.2136
0.703 0.0969
0.2043 0.2076
0.8224 0.2666
0.1554 0.1844
0.5275 0.8366
0.7732 0.4452
0.9624 0.9058
0.1401 0.0331
0.8538 0.9246
0.6203 0.9209
0.6207 0.123
0.1101 0.5092
0.7794 0.1333
0.7257 0.0609
0.2813 0.528
0.0262 0.1898
0.332 0.4168
0.9628 0.9729
0.9575 0.1381
0.1632 0.5039
0.0848 0.5427
0.2623 0.9689
0.9989 0.1173
0.25 0.6585
0.5753 0.6231
0.4586 0.5832
0.7408 0.0825
0.4467 0.553
0.3644 0.6612
0.0075 0.5354
0.946 0.0171
0.0979 0.9237
0.0856 0.187
0.439 0.338
0.952 0.7522
0.855 0.3104
0.5854 0.739
0.1342 0.0842
0.1696 0.2056
0.8428 0.5745
0.6769 0.1674
0.1539 0.9207
0.8076 0.7163
0.536 0.1824
0.0485 0.1338
0.2749 0.7884
0.0819 0.6605
0.4845 0.5933
0.2296 0.1162
0.7881 0.4298
0.4344 0.1455
0.6379 0.0492
0.7444 0.9218
0.6612 0.8342
0.0851 0.8752
0.4866 0.7772
0.4448 0.9997
0.1031 0.4726
0.1623 0.8598
0.7702 0.3522
0.9821 0.3848
0.7495 0.4052
0.4047 0.8664
0.8762 0.0788
0.6939 0.7673
0.7724 0.4103
0.1484 0.9534
0.2565 0.5723
0.6433 0.5052
0.8169 0.7277
0.545 0.6651
0.2857 0.7172
0.3515 0.8176
0.6178 0.1309
0.4128 0.5521
0.3546 0.0693
0.9889 0.4145
0.9212 0.2699
0.3573 0.9873
0.5423 0.3824
0.0181 0.8316
0.3541 0.4129
0.8435 0.589
0.3638 0.9466
0.7397 0.9898
0.8546 0.8653
0.2343 0.7964
0.2534 0.7535
0.4629 0.9918
0.3843 0.809
0.4626 0.1053
0.6149 0.339
0.9893 0.4853
0.3593 0.216
0.5564 0.7929
0.7976 0.451
0.645 0.1898
0.7156 0.192
0.4645 0.9007
0.413 0.7316
0.4964 0.1865
0.5299 0.1662
0.7802 0.4434
0.5611 0.8627
0.1393 0.3215
0.4198 0.5235
0.7538 0.9881
0.55 0.643
0.136 0.6976
0.2737 0.9573
0.9331 0.4525
0.4814 0.1669
0.2554 0.047
0.6006 0.186
0.4354 0.4146
0.5225 0.9059
0.7663 0.5944
0.9699 0.6673
0.7623 0.3023
0.3605 0.4979
0.7388 0.1635
0.7648 0.1734
0.34 0.6271
0.7269 0.2593
0.4221 0.0947
0.7478 0.042
0.7096 0.036
0.6023 0.9203
0.0847 0.4983
0.3555 0.5397
0.2672 0.261
0.7095 0.6044
0.5171 0.5257
0.5025 0.3187
0.4725 0.2805
0.6427 0.8754
0.995 0.5012
0.7648 0.9223
0.0332 0.4084
0.4812 0.9462
0.6818 0.463
0.6059 0.1277
0.7628 0.6017
0.5675 0.5862
0.2041 0.7867
0.1718 0.3499
0.3045 0.113
0.3874 0.8142
0.6427 0.6419
0.4891 0.9885
0.2178 0.2428
0.9664 0.9225
0.5074 0.5383
0.6786 0.6565
0.386 0.6109
0.6645 0.2713
0.8126 0.2115
0.138 0.2209
0.4534 0.8706
0.6229 0.2149
0.1102 0.1286
0.627 0.8227
0.1726 0.0251
0.983 0.0657
0.7243 0.5208
0.5282 0.6148
0.6164 0.1737
0.215 0.553
0.2624 0.0058
0.3311 0.5938
0.8311 0.6633
0.6273 0.968
0.6298 0.5827
0.6802 0.102
0.0827 0.5771
0.4056 0.7334
0.9962 0.876
0.3605 0.2828
0.6093 0.6153
0.273 0.6561
0.8976 0.1212
0.1884 0.0106
0.8463 0.1399
0.6435 0.5758
0.6838 0.8873
0.6824 0.0183
0.153 0.8094
0.9831 0.4633
0.5241 0.9835
0.5504 0.8003
0.5383 0.5115
0.5141 0.5892
0.0649 0.3646
0.1708 0.1241
0.8371 0.3407
0.4557 0.6934
0.6075 0.2252
0.5385 0.8503
0.1063 0.9842
0.8558 0.3794
0.2227 0.4331
0.8728 0.6958
0.189 0.2207
0.5619 0.6597
0.333 0.7933
0.4052 0.3952
0.294 0.724
0.622 0.3774
0.6001 0.5928
0.9773 0.0782
0.0163 0.9577
0.2644 0.7623
0.4023 0.1206
0.5742 0.4056
0.0782 0.8609
0.4338 0.4085
0.2759 0.4536
0.8117 0.1537
0.9992 0.818
0.308 0.53
0.9642 0.2557
0.6804 0.3012
0.7381 0.1157
0.0477 0.3049
0.9187 0.0145
0.0973 0.6569
0.9227 0.4185
0.7136 0.0882
0.5165 0.3713
0.2638 0.1864
0.0189 0.2389
0.3134 0.9738
0.4705 0.7686
0.0907 0.4594
0.563 0.5879
0.8466 0.6437
0.2106 0.668
0.9452 0.0591
0.0085 0.301
0.3954 0.0917
0.5498 0.2939
0.4897 0.7538
0.8331 0.1654
0.3495 0.1972
0.6848 0.1629
0.9898 0.3918
0.9497 0.3772
0.2782 0.7277
0.4279 0.8658
0.2872 0.7492
0.5743 0.7832
0.6085 0.4824
0.6951 0.8697
0.2934 0.9359
0.7756 0.4205
0.3359 0.1367
0.7771 0.3746
0.9904 0.7479
0.7989 0.887
0.6863 0.993
0.8912 0.2865
0.4006 0.5318
0.356 0.3553
0.2441 0.8238
0.7279 0.0536
0.1996 0.4741
0.32 0.8573
0.8401 0.4967
0.8207 0.7164
0.4218 0.1224
0.9419 0.8019
0.5074 0.1767
0.2269 0.7939
0.3151 0.3194
0.6475 0.3078
0.5242 0.48
0.6335 0.0106
0.3658 0.4447
0.8754 0.0475
0.5864 0.7503
0.0512 0.896
0.6854 0.8207
0.4937 0.4781
0.3826 0.6123
0.779 0.799
0.2238 0.7536
0.9694 0.9937
0.6714 0.4363
0.4222 0.1404
0.8125 0.1966
0.4894 0.927
0.6648 0.6847
0.5114 0.8713
0.8891 0.6913
0.8897 0.5055
0.3705 0.6497
0.7027 0.9441
0.6996 0.6694
0.7412 0.1123
0.4754 0.0383
0.6825 0.4955
0.7175 0.8454
0.7226 0.6908
0.5214 0.3611
0.1018 0.1627
0.3261 0.7859
0.5331 0.0975
0.0832 0.423
0.6129 0.7692
0.7587 0.9305
0.6533 0.0419
0.0291 0.5007
0.1772 0.6479
0.3172 0.0456
0.5721 0.84
0.2183 0.0415
0.4891 0.2047
0.1017 0.7211
0.9033 0.1219
0.303 0.2519
0.9534 0.4596
0.6927 0.8806
0.6946 0.6757
0.3205 0.4935
0.1603 0.2527
0.5541 0.3096
0.8157 0.8669
0.3284 0.5817
0.0404 0.0122
0.082 0.4986
0.9252 0.4005
0.7543 0.3246
0.5011 0.3829
0.2083 0.1475
0.3437 0.6198
0.9132 0.4043
0.7201 0.3432
0.0087 0.8073
0.8537 0.5162
0.4958 0.8361
0.961 0.8006
0.3827 0.8887
0.4863 0.966
0.4505 0.3274
0.9591 0.7197
0.8812 0.2179
0.1008 0.0587
0.6902 0.7558
0.6896 0.9589
0.1747 0.9689
0.7902 0.7336
0.3174 0.0848
0.9546 0.9443
0.9917 0.2768
0.7508 0.6364
0.9419 0.1891
0.7456 0.5235
0.3122 0.8694
0.9641 0.3164
0.9484 0.3253
0.7852 0.1962
0.3506 0.1471
0.4832 0.4474
0.6848 0.2495
0.5558 0.3214
0.5655 0.7372
0.3523 0.7912
0.252 0.4258
0.069 0.5479
0.3322 0.7756
0.9417 0.8448
0.3494 0.3371
0.2702 0.0608
0.9619 0.5542
0.4951 0.1846
0.9957 0.0462
0.3519 0.1166
0.0339 0.0145
0.5253 0.9826
0.1896 0.1308
0.2033 0.7512
0.0575 0.1822
0.1893 0.3433
0.2335 0.675
0.3576 0.284
0.9687 0.6183
0.1215 0.4513
0.0183 0.4205
0.9344 0.1349
0.9162 0.9376
0.4882 0.4971
0.8164 0.7877
0.7011 0.5135
0.1024 0.0207
0.5725 0.2475
0.6601 0.7459
0.4779 0.3311
0.9219 0.9946
0.2538 0.9787
0.5852 0.9044
0.0744 0.3676
0.0263 0.3082
0.2566 0.9715
0.7748 0.7178
0.6768 0.811
0.1432 0.8481
0.6081 0.5547
0.6141 0.3808
0.2192 0.015
0.7465 0.9763
0.8331 0.1511
0.4949 0.9881
0.162 0.4135
0.1179 0.4998
0.7591 0.9979
0.2152 0.8782
0.3377 0.504
0.1442 0.5774
0.6504 0.6912
0.8951 0.8852
0.5732 0.4324
0.8249 0.8874
0.9442 0.2175
0.6577 0.5508
0.7317 0.0189
0.0383 0.6008
0.2435 0.6676
0.3744 0.3939
0.1039 0.0834
0.4205 0.6442
0.6009 0.6002
0.5214 0.4605
0.6174 0.3204
0.4734 0.7518
0.6075 0.9045
0.7442 0.9074
0.5346 0.1187
0.6276 0.6089
0.7837 0.9296
0.0104 0.0156
0.8379 0.196
0.3395 0.6939
0.8286 0.4435
0.3764 0.848
0.6276 0.4619
0.7045 0.9088
0.0134 0.9576
0.8368 0.1063
0.3601 0.1091
0.2509 0.9232
0.0109 0.003
0.7038 0.4692
0.458 0.1011
0.5125 0.3839
0.8332 0.8458
0.9354 0.1992
0.0884 0.4272
0.8566 0.7149
0.3457 0.0137
0.433 0.9442
0.4891 0.9043
0.8006 0.2229
0.2511 0.6188
0.0364 0.7349
0.2492 0.0645
0.0846 0.8377
0.5315 0.3
0.1381 0.9497
0.6883 0.1011
0.7208 0.3775
0.1384 0.7085
0.9436 0.4461
0.8983 0.3057
0.9326 0.5183
0.0301 0.2413
0.162 0.083
0.0758 0.08
0.9578 0.7477
0.1651 0.0195
0.3568 0.2202
0.8211 0.088
0.4287 0.1447
0.4158 0.2335
0.9117 0.876
0.453 0.481
0.7845 0.6733
0.0711 0.5015
0.2368 0.7044
0.4635 0.4112
0.1102 0.5424
0.333 0.0449
0.2613 0.9019
0.0673 0.4704
0.895 0.6495
0.1109 0.1384
0.7069 0.663
0.9457 0.8785
0.143 0.786
0.0452 0.3145
0.1516 0.8617
0.9033 0.5134
0.546 0.3293
0.6383 0.7358
0.1261 0.5139
0.8987 0.545
0.1124 0.2167
0.9083 0.5592
0.4394 0.6446
0.0809 0.4837
0.3001 0.9029
0.4594 0.5324
0.6809 0.6456
0.4746 0.9735
0.3713 0.2641
0.2243 0.7641
0.3839 0.113
0.9231 0.9178
0.0388 0.0136
0.7104 0.2775
0.2305 0.9307
0.3793 0.4953
0.5224 0.0737
0.787 0.8558
0.957 0.5577
0.7018 0.8649
0.293 0.3366
0.4483 0.2367
0.2893 0.6468
0.9495 0.0086
0.1087 0.4508
0.2179 0.7111
0.8532 0.467
0.7815 0.1104
0.6445 0.2657
0.0994 0.8953
0.2037 0.4232
0.9625 0.145
0.9594 0.9225
0.7997 0.9652
0.0538 0.4067
0.8213 0.7328
0.522 0.6301
0.3603 0.3759
0.5381 0.2341
0.2644 0.8004
0.2005 0.0746
0.2278 0.133
0.3859 0.962
0.9671 0.7893
0.8817 0.6249
0.9253 0.8318
0.3623 0.8421
0.6559 0.3388
0.8726 0.9527
0.5678 0.3194
0.9061 0.8625
0.2483 0.9621
0.0421 0.4052
0.7255 0.4062
0.0625 0.2064
0.1544 0.6547
0.0798 0.2646
0.3527 0.3299
0.5357 0.8669
0.2846 0.5144
0.08 0.1322
0.4429 0.3421
0.3372 0.9314
0.1008 0.9747
0.3346 0.4844
0.2129 0.7751
0.6778 0.9007
0.9984 0.6011
0.9009 0.4119
0.3981 0.1932
0.8374 0.5814
0.1861 0.1749
0.3671 0.2257
0.5109 0.2051
0.4646 0.6544
0.1112 0.9499
0.8511 0.6772
0.2379 0.8609
0.0829 0.5312
0.1221 0.6993
0.453 0.2373
0.5982 0.5808
0.7233 0.9793
0.4008 0.9066
0.0457 0.6415
0.1986 0.8353
0.0464 0.9657
0.1994 0.8072
0.8434 0.8796
0.2266 0.6243
0.0908 0.3878
0.0804 0.3171
0.2344 0.6446
0.6306 0.3702
0.794 0.5129
0.1686 0.9946
0.1019 0.5927
0.909 0.2271
0.8212 0.974
0.488 0.1808
0.2634 0.4374
0.0932 0.9457
0.2858 0.1943
0.4513 0.2285
0.2263 0.9989
0.5826 0.8858
0.3371 0.4103
0.3865 0.5606
0.6238 0.4586
0.6149 0.0992
0.6087 0.8848
0.1665 0.5471
0.136 0.4118
0.2727 0.673
0.2706 0.0937
0.2486 0.2423
0.3837 0.9217
0.7269 0.2539
0.5025 0.9951
0.8365 0.6571
0.9716 0.062
0.8714 0.0541
0.112 0.8853
0.7265 0.3306
0.0575 0.2217
0.2736 0.3993
0.3096 0.1925
0.9914 0.2134
0.9711 0.4834
0.5589 0.5328
0.6762 0.7359
0.7119 0.0445
0.4613 0.2284
0.0721 0.0859
0.4287 0.7357
0.8844 0.7806
0.5376 0.9106
0.062 0.3916
0.9291 0.274
0.9805 0.0782
0.7076 0.5809
0.7379 0.2493
0.5306 0.9657
0.4523 0.3127
0.3301 0.1983
0.0406 0.902
0.0495 0.3565
0.739 0.1741
0.7936 0.4236
0.6643 0.9687
0.104 0.8428
0.8405 0.1606
0.7091 0.5622
0.2556 0.9436
0.3831 0.5562
0.0155 0.2031
0.8881 0.198
0.5287 0.5312
0.305 0.6296
0.7299 0.6511
0.5571 0.3858
0.727 0.0915
0.6448 0.2454
0.1785 0.798
0.0248 0.815
0.4246 0.8986
0.1647 0.0144
0.7711 0.273
0.7657 0.8217
0.4358 0.0796
0.5276 0.7044
0.7218 0.9928
0.1224 0.4035
0.9562 0.1885
0.9961 0.4086
0.6236 0.8629
0.7545 0.5733
0.1541 0.2987
0.0039 0.4693
0.4009 0.4154
0.0907 0.5606
0.3548 0.7115
0.2741 0.8962
0.3117 0.7843
0.4878 0.0912
0.5217 0.6278
0.0443 0.6521
0.3583 0.7769
0.9559 0.7759
0.5589 0.8514
0.5702 0.3737
0.5213 0.8868
0.1953 0.3556
0.3067 0.924
0.8053 0.7279
0.5145 0.5144
0.0596 0.2318
0.5872 0.6438
0.1115 0.1505
0.3192 0.4618
0.4927 0.2568
0.2185 0.6489
0.2649 0.3003
0.6418 0.0682
0.4395 0.4617
0.6204 0.8637
0.7049 0.5109
0.2566 0.9021
0.9483 0.4844
0.0195 0.2816
0.6408 0.482
0.6308 0.5437
0.2933 0.0616
0.4399 0.824
0.7591 0.4415
0.2369 0.9867
0.4563 0.9789
0.3919 0.0905
0.5707 0.3817
0.5548 0.6004
0.4295 0.9328
0.257 0.6542
0.1821 0.8886
0.3402 0.3354
0.3996 0.6647
0.3211 0.4343
0.0768 0.2916
0.9376 0.1919
0.8534 0.2501
0.9241 0.2236
0.7603 0.8738
0.7974 0.5041
0.9507 0.7773
0.6382 0.2092
0.1871 0.6911
0.9834 0.7391
0.8688 0.6825
0.8535 0.5994
0.4932 0.478
0.3823 0.2251
0.6916 0.1021
0.4146 0.9646
0.2896 0.4562
0.9505 0.6909
0.5474 0.0905
0.463 0.417
0.3699 0.8688
0.3276 0.6126
0.729 0.6775
0.1604 0.8851
0.6965 0.3848
0.9298 0.1169
0.5159 0.6095
0.7621 0.2348
0.0455 0.3973
0.5355 0.4544
0.2154 0.9139
0.9679 0.0691
0.3058 0.887
0.1762 0.1226
0.8578 0.7024
0.379 0.1098
0.9599 0.4194
0.0186 0.9059
0.837 0.0434
0.6826 0.0357
0.0245 0.0777
0.7813 0.1336
0.1355 0.9389
0.7496 0.5833
0.2494 0.1558
0.3178 0.587
0.1117 0.5846
0.0775 0.5709
0.9133 0.7922
0.2013 0.7461
0.5242 0.7699
0.5464 0.1978
0.5097 0.0287
0.8509 0.8689
0.973 0.2736
0.2119 0.8435
0.0281 0.0119
0.7445 0.7802
0.2884 0.0655
0.4157 0.3735
0.2239 0.8578
0.8953 0.6666
0.6744 0.5623
0.5669 0.9122
0.1434 0.0526
0.7548 0.4843
0.0674 0.3303
0.4203 0.3553
0.9385 0.1026
0.2714 0.3535
0.1137 0.9976
0.829 0.5814
0.5275 0.6525
0.2992 0.2509
0.6722 0.7755
0.9128 0.6384
0.465 0.0667
0.7157 0.4844
0.1121 0.2965
0.214 0.2698
0.6817 0.591
0.2152 0.0588
0.8186 0.0779
0.5524 0.0714
0.3268 0.4258
0.065 0.7529
0.3944 0.2215
0.6564 0.7594
0.9987 0.6486
0.3218 0.5024
0.3144 0.7002
0.6082 0.3385
0.8451 0.656
0.6832 0.4082
0.3729 0.7214
0.1584 0.7128
0.5687 0.5119
0.73 0.8562
0.6173 0.8346
0.1873 0.8467
0.6949 0.5036
0.0212 0.5318
0.9581 0.8418
0.901 0.2755
0.5123 0.1571
0.6368 0.0243
0.9849 0.1895
0.3689 0.541
0.7549 0.0213
0.3693 0.2891
0.6064 0.7531
0.5774 0.6393
0.7377 0.3329
0.8314 0.0485
0.4555 0.37
0.3673 0.7177
0.2483 0.9806
0.8876 0.4742
0.6239 0.5497
0.3153 0.9125
0.1495 0.7389
0.6971 0.3052
0.2203 0.3066
0.9962 0.6478
0.7272 0.1126
0.7977 0.6522
0.2569 0.976
0.2234 0.6055
0.5177 0.7366
0.8271 0.556
0.9863 0.3855
0.9742 0.1754
0.87 0.4191
0.7739 0.6699
0.7043 0.2959
0.0575 0.8307
0.723 0.8663
0.2478 0.6566
0.1905 0.3878
0.9611 0.5014
0.0464 0.5994
0.802 0.3097
0.6426 0.283
0.7878 0.3956
0.4296 0.9005
0.9322 0.8629
0.3576 0.4747
0.2796 0.1722
0.0703 0.4341
0.8235 0.2424
0.2851 0.892
0.5768 0.3856
0.0479 0.47
0.7291 0.7503
0.5298 0.5497
0.9838 0.8176
0.0823 0.961
0.681 0.4025
0.519 0.2458
0.7388 0.5073
0.2207 0.5024
0.1188 0.7907
0.2328 0.5053
0.2126 0.751
0.5762 0.3786
0.1051 0.273
0.4494 0.6496
0.2371 0.2621
0.6479 0.9896
0.3587 0.1557
0.2862 0.862
0.5983 0.4575
0.8487 0.2046
0.2141 0.3154
0.1356 0.9561
0.9127 0.2528
0.2209 0.4721
0.2122 0.4199
0.23 0.584
0.9334 0.1901
0.5946 0.8181
0.0476 0.4287
0.9074 0.9673
0.2084 0.1742
0.2386 0.9828
0.0031 0.1925
0.1755 0.272
0.2943 0.6767
0.1943 0.6752
0.3256 0.2276
0.212 0.0746
0.3624 0.8638
0.9421 0.8492
0.4076 0.3758
0.9875 0.6856
0.5199 0.597
0.7558 0.3462
0.8474 0.4338
0.2517 0.3055
0.7343 0.8817
0.7245 0.192
0.8726 0.5448
0.824 0.8518
0.6489 0.7275
0.7967 0.8255
0.7762 0.7812
0.5075 0.0037
0.1922 0.7058
0.5314 0.0891
0.7021 0.6563
0.7523 0.6308
0.3964 0.0784
0.9118 0.1778
0.9905 0.8358
0.2212 0.3313
0.1902 0.5529
0.2706 0.9185
0.7396 0.5008
0.8482 0.3142
0.8025 0.1663
0.0337 0.9931
0.3553 0.8938
0.1747 0.4333
0.5375 0.6572
0.7027 0.206
0.6004 0.2418
0.0543 0.3404
0.4813 0.3118
0.9947 0.0835
0.4617 0.0872
0.9512 0.5873
0.441 0.4365
0.7313 0.3447
0.639 0.2145
0.0119 0.1743
0.3795 0.1848
0.66 0.9909
0.9043 0.9204
0.7254 0.2493
0.0059 0.2553
0.2038 0.3511
0.966 0.5668
0.0376 0.637
0.3131 0.7456
0.5662 0.0733
0.1214 0.7569
0.9115 0.9381
0.4321 0.4288
0.1813 0.6221
0.618 0.415
0.0814 0.986
0.4628 0.9807
0.5979 0.5748
0.9361 0.4334
0.2603 0.1102
0.8058 0.6899
0.5805 0.3962
0.1488 0.3771
0.1692 0.2653
0.0676 0.0821
0.9651 0.4996
0.1741 0.5487
0.3534 0.4887
0.5638 0.008
0.507 0.8352
0.7678 0.4031
0.9569 0.9883
0.7234 0.3764
0.3488 0.367
0.6586 0.3657
0.5011 0.9129
0.1715 0.3561
0.1655 0.6789
0.3638 0.3543
0.1246 0.3193
0.2395 0.5477
0.7852 0.1845
0.6953 0.2826
0.8704 0.1506
0.8984 0.6572
0.9413 0.4725
0.3697 0.0425
0.8975 0.4645
0.9414 0.9122
0.157 0.6824
0.0762 0.54
0.4059 0.7703
0.3672 0.0737
0.125 0.332
0.6612 0.5632
0.2466 0.4747
0.9077 0.1132
0.8883 0.1141
0.8187 0.5455
0.1186 0.4747
0.9572 0.6098
0.7346 0.8751
0.909 0.7799
0.2221 0.3861
0.7701 0.9466
0.6509 0.8988
0.6052 0.9907
0.5668 0.2488
0.638 0.3761
0.5787 0.4948
0.0952 0.8969
0.2009 0.4164
0.4585 0.0924
0.059 0.5237
0.7908 0.1257
0.8663 0.0984
0.6911 0.9981
0.2493 0.9347
0.3244 0.1797
0.161 0.7259
0.982 0.6902
0.9928 0.6217
0.9258 0.6134
0.1191 0.0689
0.1901 0.2336
0.9183 0.2637
0.449 0.9598
0.156 0.6526
0.3117 0.9558
0.1266 0.0241
0.9625 0.2638
0.2724 0.3058
0.5691 0.7355
0.2278 0.4745
0.761 0.9072
0.9671 0.3933
0.7712 0.2762
0.5635 0.9653
0.8942 0.911
0.5731 0.7921
0.6046 0.299
0.7131 0.0553
0.7748 0.9301
0.5325 0.314
0.8017 0.6094
0.5081 0.9139
0.9965 0.7175
0.0606 0.1516
0.5857 0.1117
0.6821 0.6517
0.0207 0.2637
0.8358 0.0371
0.3676 0.7266
0.2586 0.3362
0.6157 0.189
0.0765 0.826
0.4716 0.688
0.2711 0.0309
0.68 0.6857
0.9406 0.9963
0.7591 0.337
0.8445 0.4199
0.8621 0.5761
0.1545 0.1088
0.4242 0.1695
0.1939 0.6376
0.595 0.8865
0.011 0.6034
0.4161 0.357
0.7871 0.3948
0.9046 0.5057
0.9921 0.9561
0.0249 0.4158
0.692 0.4895
0.8015 0.813
0.7855 0.7051
0.5429 0.691
0.0163 0.3343
0.0839 0.0538
0.1135 0.2431
0.4378 0.3028
0.5265 0.8586
0.8169 0.1306
0.2039 0.7975
0.5997 0.16
0.8106 0.0118
0.2674 0.5263
0.0347 0.604
0.5605 0.7251
0.2674 0.6072
0.4181 0.5725
0.5931 0.2358
0.6948 0.4085
0.2833 0.8667
0.7792 0.5228
0.3525 0.769
0.1018 0.4993
0.2577 0.9154
0.9567 0.23
0.3878 0.2748
0.8374 0.2448
0.9324 0.4654
0.4762 0.9412
0.3857 0.165
0.2012 0.6356
0.8682 0.6834
0.8149 0.4876
0.1778 0.9367
0.4969 0.3649
0.9006 0.9719
0.5657 0.788
0.7703 0.5792
0.8075 0.8652
0.3807 0.1556
0.1539 0.6794
0.7585 0.8537
0.9739 0.2495
0.0903 0.1461
0.7112 0.2525
0.9191 0.5133
0.0017 0.4639
0.8237 0.3825
0.5002 0.3963
0.3381 0.1512
0.1263 0.4577
0.4126 0.0742
0.5885 0.4769
0.3241 0.6189
0.6051 0.0709
0.1978 0.0918
0.3516 0.1511
0.6434 0.7697
0.8334 0.2189
0.5169 0.8908
0.1349 0.642
0.8343 0.4047
0.1732 0.6466
0.5048 0.5471
0.0737 0.4816
0.936 0.743
0.682 0.3119
0.6646 0.9732
0.1153 0.7003
0.2301 0.2218
0.5173 0.8919
0.6723 0.3976
0.4816 0.1053
0.0132 0.8048
0.0691 0.2622
0.5723 0.4773
0.9425 0.4693
0.827 0.7383
0.9411 0.274
0.7496 0.7215
0.6704 0.1327
0.2076 0.9311
0.6422 0.5967
0.6809 0.6721
0.9128 0.9765
0.503 0.5909
0.7015 0.3277
0.3772 0.3238
0.4998 0.3396
0.5001 0.0793
0.76 0.3177
0.4864 0.8574
0.184 0.737
0.0691 0.746
0.5726 0.077
0.7136 0.3467
0.6944 0.1457
0.4635 0.2073
0.2718 0.9169
0.2192 0.412
0.0272 0.1492
0.2141 0.8163
0.4772 0.2988
0.3335 0.6766
0.0931 0.614
0.4032 0.6522
0.0967 0.6817
0.6503 0.3763
0.6302 0.8574
0.0433 0.6718
0.2869 0.4932
0.0543 0.7449
0.3872 0.4395
0.1048 0.0987
0.7047 0.864
0.0319 0.6318
0.6559 0.7538
0.1718 0.3839
0.3068 0.6868
0.6317 0.6442
0.9625 0.2549
0.3082 0.7744
0.2664 0.1603
0.4438 0.9743
0.9366 0.7489
0.3909 0.2095
0.0798 0.2489
0.1792 0.6896
0.1627 0.5909
0.2404 0.4805
0.4934 0.7047
0.0732 0.5931
0.0266 0.556
0.371 0.0853
0.3098 0.6981
0.7078 0.6797
0.9853 0.3704
0.9002 0.6571
0.8197 0.9163
0.3526 0.6527
0.0744 0.3993
0.9644 0.3874
0.9955 0.2945
0.9486 0.8342
0.4299 0.8218
0.2589 0.725
0.6691 0.576
0.1473 0.1821
0.0298 0.8524
0.7901 0.7275
0.6903 0.5253
0.5264 0.4303
0.3242 0.5833
0.762 0.782
0.6908 0.6715
0.912 0.9539
0.7897 0.416
0.2967 0.5469
0.3394 0.2418
0.7428 0.5873
0.8803 0.1231
0.6039 0.6999
0.5813 0.7511
0.3418 0.2375
0.8521 0.8653
0.5024 0.7639
0.4751 0.6279
0.2743 0.2916
0.9638 0.7014
0.725 0.5085
0.4768 0.7036
0.1064 0.9813
0.8521 0.6136
0.1296 0.8987
0.4194 0.0142
0.7636 0.105
0.1154 0.0732
0.8957 0.6324
0.9759 0.2158
0.0159 0.391
0.2897 0.1191
0.0284 0.8133
0.8583 0.9921
0.139 0.2322
0.8363 0.8738
0.1327 0.0991
0.615 0.798
0.3457 0.8368
0.249 0.6928
0.5261 0.751
0.0915 0.1776
0.9605 0.9364
0.4895 0.2143
0.8511 0.3138
0.8259 0.9354
0.2007 0.3049
0.4262 0.8189
0.7687 0.5386
0.08 0.1457
0.6414 0.7649
0.3081 0.9415
0.4154 0.8089
0.4222 0.6946
0.0156 0.47
0.1184 0.0027
0.1483 0.5418
0.4863 0.8359
0.76 0.0339
0.3307 0.3848
0.9076 0.7974
0.4137 0.7067
0.835 0.9551
0.0798 0.5975
0.0435 0.7953
0.054 0.682
0.1358 0.548
0.6084 0.6296
0.2051 0.2924
0.5907 0.3604
0.3656 0.9329
0.9812 0.7635
0.7997 0.947
0.2698 0.1406
0.0344 0.297
0.5466 0.2845
0.2548 0.6495
0.6641 0.2567
0.2732 0.6043
0.0961 0.9494
0.8097 0.005
0.0451 0.2547
0.4359 0.6034
0.4364 0.1935
0.3703 0.9299
0.5572 0.1998
0.7475 0.6236
0.2645 0.364
0.2788 0.785
0.9644 0.6495
0.2232 0.9068
0.057 0.6633
0.4722 0.1662
0.1584 0.941
0.5309 0.6854
0.829 0.2476
0.1058 0.03
0.7592 0.1314
0.9455 0.9514
0.3825 0.7754
0.572 0.6928
0.7033 0.0263
0.2893 0.8068
0.6773 0.3885
0.1623 0.6222
0.9365 0.2796
0.8769 0.1968
0.7268 0.9436
0.9338 0.507
0.6961 0.1734
0.6713 0.0699
0.9728 0.5824
0.4793 0.6077
0.6371 0.5011
0.9655 0.7401
0.7033 0.0323
0.725 0.8218
0.3574 0.3236
0.0673 0.6465
0.4113 0.4557
0.2208 0.767
0.0701 0.5272
0.3408 0.3476
0.1609 0.533
0.4494 0.5992
0.0136 0.4311
0.5426 0.4781
0.2011 0.4144
0.3488 0.8202
0.1996 0.4125
0.3858 0.7704
0.4578 0.7538
0.2142 0.8073
0.5904 0.3243
0.8344 0.341
0.4078 0.9449
0.5857 0.6842
0.2131 0.1317
0.1535 0.1742
0.4585 0.1754
0.9328 0.1459
0.8169 0.7741
0.4463 0.4054
0.5694 0.6902
0.1584 0.6868
0.3977 0.1721
0.5542 0.2417
0.9332 0.2531
0.9475 0.4417
0.1605 0.5992
0.2644 0.4118
0.7911 0.8933
0.8023 0.5626
0.8661 0.7668
0.9745 0.3332
0.0844 0.6719
0.25 0.9295
0.6066 0.0214
0.8253 0.1288
0.6571 0.8935
0.6359 0.6368
0.3105 0.9658
0.6181 0.174
0.0728 0.5939
0.9293 0.1193
0.301 0.3848
0.0056 0.2226
0.2055 0.6856
0.8304 0.8577
0.1365 0.3369
0.2285 0.5105
0.9679 0.1657
0.3407 0.946
0.7834 0.082
0.3659 0.49
0.2283 0.1212
0.258 0.7697
0.8629 0.5032
0.556 0.3482
0.4188 0.157
0.3766 0.4984
0.937 0.3164
0.618 0.4181
0.1409 0.3976
0.6549 0.2772
0.5473 0.7249
0.7208 0.8766
0.6058 0.5167
0.2807 0.2873
0.4361 0.4847
0.4273 0.7246
0.7406 0.7222
0.8072 0.6551
0.8112 0.0918
0.6031 0.8933
0.6054 0.7685
0.2277 0.5559
0.3331 0.9223
0.7721 0.3703
0.523 0.779
0.0287 0.6888
0.6018 0.8866
0.9342 0.0067
0.6792 0.1321
0.8754 0.4662
0.6026 0.7693
0.4994 0.847
0.8047 0.9003
0.0177 0.3251
0.9508 0.7516
0.0272 0.8487
0.7098 0.722
0.002 0.0553
0.2773 0.3373
0.8823 0.9566
0.8534 0.0676
0.238 0.0387
0.3122 0.2334
0.9667 0.6533
0.8734 0.4518
0.1165 0.4203
0.6507 0.3318
0.4953 0.3041
0.8235 0.8588
0.7466 0.1684
0.5748 0.5066
0.9469 0.8684
0.3158 0.1322
0.7153 0.3822
0.1007 0.0613
0.5235 0.9295
0.0846 0.626
0.5945 0.2127
0.2132 0.101
0.5744 0.0079
0.3392 0.8489
0.0173 0.834
0.035 0.1905
0.9504 0.0276
0.2548 0.7112
0.6141 0.2817
0.9601 0.8248
0.747 0.2585
0.4038 0.9477
0.2459 0.8819
0.4568 0.3045
0.3124 0.1454
0.3313 0.4752
0.8366 0.186
0.1558 0.8933
0.9131 0.0338
0.4927 0.0251
0.3622 0.8126
0.4448 0.8269
0.0258 0.9065
0.1711 0.9343
0.7267 0.5188
0.4826 0.2909
0.0114 0.959
0.1454 0.7822
0.2273 0.8762
0.2024 0.4719
0.292 0.067
0.155 0.9495
0.3562 0.6355
0.9071 0.793
0.5072 0.4878
0.3529 0.3943
0.5838 0.1957
0.0936 0.8236
0.8493 0.7515
0.7518 0.7033
0.0128 0.2647
0.9775 0.5579
0.6277 0.1534
0.4514 0.4299
0.0151 0.08
0.7974 0.6308
0.0449 0.8031
0.5094 0.1823
0.205 0.6094
0.2633 0.8598
0.0373 0.9159
0.2054 0.9557
0.1943 0.6896
0.5792 0.4871
0.6542 0.7567
0.6002 0.9374
0.7096 0.4434
0.6325 0.2208
0.8609 0.618
0.6473 0.2311
0.3104 0.3645
0.2466 0.0604
0.418 0.7388
0.9076 0.3335
0.4447 0.2725
0.2011 0.1518
0.0458 0.2118
0.3705 0.8254
0.7547 0.1521
0.1852 0.7107
0.9936 0.9686
0.0019 0.2456
0.5548 0.0023
0.9728 0.6529
0.1832 0.2629
0.0263 0.7263
0.2175 0.0571
0.8721 0.5802
0.033 0.1576
0.5041 0.3248
0.8987 0.4889
0.9629 0.9758
0.2376 0.9288
0.0494 0.1047
0.1227 0.8888
0.3937 0.5447
0.4842 0.9069
0.3728 0.8675
0.9441 0.9473
0.6873 0.0145
0.4279 0.2448
0.309 0.2666
0.7455 0.8256
0.9696 0.9818
0.1428 0.1588
0.9973 0.1614
0.0443 0.5504
0.2713 0.1479
0.0968 0.3611
0.1677 0.743
0.9474 0.8284
0.8697 0.0443
0.7088 0.5662
0.2627 0.8335
0.1391 0.1051
0.4856 0.8102
0.8588 0.2805
0.3361 0.292
0.399 0.3007
0.4735 0.0435
0.2794 0.5653
0.3469 0.726
0.6132 0.1859
0.7044 0.9858
0.3704 0.8245
0.9449 0.3186
0.8288 0.5329
0.4796 0.7319
0.8057 0.6331
0.999 0.7156
0.8124 0.8778
0.257 0.3895
0.7496 0.8581
0.2739 0.0946
0.7849 0.6206
0.2105 0.8692
0.351 0.3528
0.7235 0.1256
0.1557 0.483
0.8413 0.5564
0.1315 0.7881
0.7041 0.3771
0.1759 0.96
0.2527 0.4925
0.9102 0.266
0.3445 0.5006
0.2813 0.6477
0.526 0.2935
0.5851 0.6888
0.4073 0.9137
0.8491 0.3859
0.9724 0.2144
0.316 0.265
0.858 0.0284
0.5855 0.4527
0.6326 0.3825
0.9897 0.1858
0.9444 0.3104
0.2939 0.9315
0.235 0.3919
0.2725 0.4144
0.0528 0.862
0.8754 0.6866
0.3547 0.5266
0.5971 0.4095
0.2018 0.8488
0.5155 0.3325
0.7919 0.4952
0.2747 0.9653
0.9188 0.6214
0.5675 0.196
0.7014 0.4631
0.6847 0.05
0.324 0.4491
0.0982 0.9938
0.3896 0.9044
0.8055 0.4401
0.0104 0.8483
0.1338 0.8031
0.11 0.2428
0.1765 0.8036
0.9734 0.9541
0.1153 0.6993
0.1771 0.2662
0.9292 0.1976
0.3823 0.5074
0.238 0.0379
0.36 0.5274
0.6487 0.1885
0.3846 0.0163
0.7765 0.0938
0.1752 0.1326
0.1911 0.6243
0.7067 0.5736
0.7433 0.0645
0.4702 0.0064
0.1757 0.899
0.1819 0.6727
0.4124 0.2102
0.1887 0.8265
0.6677 0.1718
0.4159 0.0903
0.6345 0.5136
0.8844 0.1991
0.3141 0.7122
0.4703 0.2976
0.1177 0.2587
0.4057 0.4298
0.8049 0.0732
0.8184 0.9197
0.3727 0.7574
0.8538 0.0163
0.4886 0.5554
0.8793 0.8902
0.1646 0.9626
0.9401 0.898
0.5259 0.7172
0.6918 0.0589
0.9201 0.5375
0.315 0.8203
0.5272 0.6
0.3871 0.9072
0.6684 0.781
0.1025 0.9277
0.1257 0.0124
0.4844 0.2713
0.9243 0.1944
0.7271 0.6606
0.6265 0.11
0.4808 0.0936
0.1512 0.4803
0.2364 0.9698
0.7292 0.341
0.4252 0.0745
0.8689 0.9306
0.3142 0.7692
0.8628 0.1398
0.4616 0.4623
0.2048 0.0868
0.8231 0.8109
0.7231 0.1793
0.9687 0.4509
0.4417 0.0991
0.1295 0.4132
0.4278 0.9979
0.1004 0.4126
0.3826 0.7791
0.3404 0.16
0.8229 0.0239
0.3328 0.4686
0.2812 0.5975
0.4317 0.2098
0.0443 0.1585
0.2788 0.7965
0.8728 0.8537
0.5214 0.9638
0.3964 0.6261
0.1866 0.0859
0.0381 0.0072
0.0537 0.3455
0.6314 0.2375
0.0503 0.6013
0.5226 0.4147
0.7517 0.4159
0.0723 0.1423
0.8278 0.6585
0.356 0.1253
0.7815 0.0065
0.3209 0.7292
0.9753 0.2941
0.3817 0.657
0.4858 0.0108
0.3783 0.9605
0.8165 0.3596
0.9349 0.9007
0.7871 0.3085
0.8224 0.4924
0.7149 0.9925
0.4087 0.267
0.375 0.0566
0.3623 0.6894
0.3465 0.6074
0.9316 0.6407
0.4377 0.5763
0.4978 0.7661
0.6944 0.8235
0.9061 0.0804
0.1486 0.0672
0.8039 0.7655
0.7169 0.8253
0.3702 0.5399
0.9634 0.4625
0.6741 0.0782
0.6045 0.3055
0.293 0.5001
0.7515 0.7041
0.4582 0.8184
0.0737 0.2556
0.8623 0.252
0.2653 0.9241
0.5806 0.4684
0.9807 0.9115
0.2874 0.0726
0.3254 0.8987
0.4341 0.4507
0.4254 0.3394
0.8361 0.7934
0.9773 0.2973
0.5967 0.3136
0.8412 0.2832
0.9118 0.1218
0.3524 0.2395
0.0481 0.3376
0.7748 0.9615
0.1323 0.565
0.4443 0.3736
0.3143 0.4853
0.208 0.1188
0.2206 0.2528
0.4389 0.3687
0.0933 0.4564
0.6189 0.1208
0.563 0.155
0.5654 0.6056
0.333 0.9045
0.495 0.6078
0.7897 0.9347
0.5125 0.0772
0.9902 0.4411
0.2011 0.2225
0.5602 0.0826
0.0947 0.372
0.4916 0.2508
0.4344 0.4334
0.5877 0.6201
0.0869 0.8859
0.7642 0.9507
0.3954 0.267
0.3408 0.5855
0.842 0.0141
0.3031 0.2639
0.7465 0.6108
0.6642 0.3138
0.3811 0.3866
0.9541 0.0321
0.7746 0.5162
0.4114 0.549
0.7941 0.5226
0.4245 0.2231
0.0415 0.9886
0.9241 0.98
0.3573 0.1752
0.4402 0.8364
0.2296 0.7431
0.7372 0.7053
0.4572 0.4429
0.1925 0.2003
0.0928 0.0509
0.9594 0.2585
0.1959 0.0055
0.3206 0.8714
0.2218 0.7046
0.7129 0.7248
0.1003 0.4621
0.4758 0.4376
0.379 0.1475
0.0585 0.7645
0.5369 0.6905
0.5828 0.6697
0.3051 0.0481
0.0418 0.701
0.2315 0.3438
0.7943 0.1778
0.1021 0.9758
0.2804 0.7973
0.5397 0.0977
0.0272 0.4968
0.1913 0.9552
0.2654 0.8325
0.9037 0.8241
0.3304 0.8421
0.9078 0.8316
0.7433 0.2387
0.4742 0.8596
0.8376 0.8407
0.9509 0.005
0.338 0.3643
0.7681 0.6825
0.219 0.852
0.7239 0.7289
0.9975 0.0009
0.3482 0.1782
0.3961 0.9188
0.6593 0.4049
0.7083 0.1211
0.4974 0.8535
0.4065 0.2973
0.3432 0.1108
0.2395 0.6088
0.7076 0.169
0.4915 0.349
0.707 0.3145
0.3833 0.1843
0.6863 0.7415
0.8147 0.7837
0.6127 0.8572
0.6716 0.8353
0.6845 0.4391
0.791 0.7578
0.2196 0.1144
0.798 0.2061
0.9149 0.8074
0.9041 0.7245
0.9392 0.5774
0.931 0.5385
0.3354 0.5455
0.9606 0.4279
0.0595 0.2779
0.558 0.8674
0.843 0.7554
0.898 0.0234
0.1734 0.599
0.6272 0.5145
0.5764 0.9641
0.3677 0.943
0.0823 0.7813
0.884 0.4251
0.0083 0.7539
0.2231 0.9043
0.8019 0.4391
0.7308 0.9752
0.113 0.2745
0.6643 0.3742
0.3228 0.1082
0.4301 0.6016
0.6433 0.9092
0.5701 0.4741
0.9285 0.8825
0.0251 0.3478
0.8577 0.0302
0.071 0.1049
0.8256 0.6742
0.8251 0.6846
0.4012 0.5836
0.354 0.5467
0.6777 0.1491
0.6556 0.1337
0.4572 0.9162
0.4785 0.3521
0.1641 0.4393
0.9196 0.0038
0.6788 0.2319
0.4951 0.543
0.7637 0.8028
0.9279 0.8884
0.1484 0.0614
0.9976 0.3067
0.7276 0.2602
0.8968 0.8219
0.9774 0.4601
0.9016 0.4721
0.3793 0.3212
0.0248 0.9313
0.8242 0.7019
0.0117 0.4951
0.2637 0.8738
0.0171 0.0894
0.8078 0.1612
0.7051 0.98
0.3891 0.6816
0.5072 0.9697
0.691 0.5741
0.2237 0.0356
0.4984 0.2134
0.6396 0.4608
0.7948 0.98
0.0325 0.0279
0.4989 0.9399
0.7081 0.4711
0.9962 0.3641
0.5477 0.7256
0.5104 0.7458
0.9649 0.5293
0.5751 0.9831
0.5076 0.3615
0.06 0.5069
0.0472 0.0615
0.8141 0.5405
0.3416 0.7217
0.6415 0.2874
0.0313 0.5808
0.4118 0.5133
0.7537 0.8146
0.277 0.5654
0.9081 0.3485
0.278 0.5501
0.5779 0.5351
0.5163 0.1517
0.459 0.6585
0.2391 0.1002
0.655 0.7019
0.6915 0.0971
0.8976 0.0833
0.0307 0.1294
0.549 0.318
0.2988 0.3172
0.3456 0.0191
0.6323 0.4585
0.9964 0.1238
0.9334 0.3889
0.512 0.5265
0.998 0.6354
0.4294 0.8581
0.3193 0.7355
0.5212 0.2895
0.0933 0.248
0.4222 0.932
0.0627 0.0881
0.5801 0.9487
0.6111 0.076
0.5505 0.0517
0.3442 0.1661
0.3612 0.6718
0.9617 0.532
0.9655 0.609
0.1017 0.3414
0.9103 0.083
0.5308 0.4059
0.2551 0.8937
0.9536 0.5701
0.8392 0.2356
0.2097 0.0561
0.9623 0.0337
0.6504 0.2427
0.1847 0.11
0.3525 0.9573
0.8276 0.0093
0.0698 0.1351
0.3712 0.0744
0.7096 0.5622
0.6015 0.6647
0.6706 0.0534
0.2135 0.0201
0.3787 0.0125
0.6991 0.761
0.5532 0.0281
0.3705 0.9793
0.1349 0.5197
0.6108 0.0324
0.0086 0.8789
0.976 0.8106
0.1925 0.1521
0.8723 0.9076
0.1063 0.1587
0.0031 0.777
0.8422 0.7789
0.7841 0.6555
0.6467 0.9118
0.7732 0.4773
0.1231 0.1695
0.0868 0.0531
0.4106 0.7449
0.9366 0.9649
0.585 0.4787
0.4807 0.8929
0.2196 0.125
0.2656 0.7885
0.9082 0.7376
0.2355 0.2459
0.318 0.4068
0.7552 0.952
0.4603 0.1625
0.876 0.7822
0.1171 0.6674
0.4613 0.7561
0.822 0.9351
0.1043 0.2532
0.9081 0.9939
0.0244 0.4669
0.296 0.5101
0.6366 0.1165
0.1492 0.3301
0.9814 0.189
0.7077 0.6266
0.2822 0.9336
0.6957 0.4629
0.268 0.2215
0.1015 0.4211
0.2599 0.2369
0.1998 0.4807
0.2031 0.2935
