18
7 4228
7 342
65544 76531
65544 16837
65544 21030
65544 83271
65544 61002
65544 62023
65544 91484
23212 2144
23212 14483
23212 40468
23212 6934
23212 40871
23212 40858
23212 22941
23212 3295
114698 101228
114698 104611
114698 108500
114698 107734
114698 108004
114698 101852
57355 46939
57355 57567
57355 54355
57355 69859
57355 47002
57355 26219
57355 47165
57355 96333
57355 47135
57357 14088
57357 96361
57357 57925
57357 57934
57357 56592
14 123
14 463
14 4358
14 4367
57359 47009
57359 13254
57359 46934
57359 22088
57359 56602
57359 47163
57359 54378
57359 47005
27 5170
27 3636
27 334
27 3566
30 3849
30 5258
30 403
8225 22496
8225 4784
8225 12429
16421 28225
16421 62829
8231 4737
8231 4733
98347 57621
98347 57782
98347 18759
98347 26459
98347 13292
98347 27758
8236 3792
8236 7489
8236 11723
8236 6549
8236 5640
8236 7739
8236 8067
2738 3473
2738 243
2738 863
8238 806
8238 9562
8238 9627
8238 9557
8238 9542
57391 51584
57391 14065
57391 66578
57391 54355
57391 57813
57391 57573
57391 21458
57391 57645
8 4248
8 4256
8 4267
8 253
8 4269
24628 27150
57399 14065
57399 3283
57399 13876
57399 14073
57399 78810
57399 46990
49211 26581
49211 26158
61 4626
61 5603
61 6574
61 3703
8263 13376
8263 41121
8263 25986
8263 3335
8263 3849
8263 10315
8263 1616
8263 3380
8263 19478
8263 41112
8263 7098
8263 91
8264 13376
8264 1121
8264 16818
8264 91
8264 5346
8264 4845
57417 56624
57417 47096
57417 18187
57417 46764
57417 18751
41035 22132
41035 6549
41035 1046
41035 4200
41035 13659
41035 34908
76 7377
76 6063
79 7427
79 7412
79 7413
79 5528
79 5577
79 5674
79 4515
79 4493
80 4203
80 4629
80 7434
80 443
80 972
80 7455
81 6672
81 5346
81 7459
81 5076
81 4204
81 6460
81 5358
65618 64371
65618 76628
65618 61589
65618 28630
65618 12729
65618 63003
65618 92941
8275 2033
8275 25986
8275 91
8275 2749
8275 22441
84 5354
84 5564
84 2287
91 265
91 8283
91 4845
65631 61182
73825 48432
73825 66113
73825 47339
73825 64990
49251 66523
49251 9963
49251 49054
49251 4047
106 6498
106 6475
106 5382
106 7672
106 5114
106 123
106 7628
106 8686
24683 12341
8305 17664
8305 4754
8305 22115
8305 24010
8305 4027
8305 22956
114 7695
120 9208
120 9216
120 9235
57465 51584
57465 96329
57465 54378
57465 54332
57465 46989
123 9269
123 8086
123 5351
123 575
24701 24704
24701 34320
24701 34306
24701 23604
24701 34325
24701 17734
24701 24703
57470 46978
57470 18187
57470 47005
57470 14190
57470 47095
24703 24704
24703 34320
24703 34306
24703 23604
24703 34325
24703 17734
24704 34320
24704 34306
24704 24819
24704 23604
24704 34325
9579 9552
9579 2144
9579 9587
9579 9619
9579 9534
8325 4092
8325 6652
8325 11109
8325 4302
8325 3557
41094 26988
41094 24774
41094 4743
57479 47136
57479 57681
57479 57925
57479 56616
57479 96361
57479 57567
137 9672
137 3344
137 491
137 6225
54637 44480
54637 52707
54637 27013
54637 26663
54637 9256
54637 35673
54637 29006
24725 45393
24725 3874
24725 27829
24725 41112
24725 12185
24725 3932
24725 12133
151 8787
151 6435
151 10101
151 5658
151 8939
151 4302
41112 43761
41112 25682
41112 1733
41112 19478
41112 27834
41115 7865
41115 4586
41115 59163
41115 41134
41115 41663
157 8740
157 5382
157 5108
157 538
157 4367
157 7628
157 6493
157 6463
41120 2064
41120 2033
41120 8875
41120 54441
41120 28427
41120 38830
41120 23856
41121 768
41121 25440
41121 5458
41121 44960
41121 27029
41121 15819
41121 35550
8354 6352
8354 5042
8354 1683
8354 6406
8354 11689
8354 6377
8354 6375
8354 8381
8354 8366
8354 8361
24741 4601
24741 35327
24741 25956
24741 5636
24741 4743
8361 6400
8361 11832
8361 44822
8361 6406
8361 489
8361 46408
8361 6377
8361 11818
174 555
174 258
174 6435
174 425
174 10955
174 10960
174 10962
174 4307
174 10968
174 3546
174 10971
174 6652
24755 23617
24755 38982
24755 4601
24755 3816
24755 25305
24755 40282
24755 25919
24755 50383
8372 27041
8372 5458
8372 35348
24759 13683
24759 15390
24763 3768
24763 4601
24763 25316
24763 36222
24763 49527
8380 45985
8380 9998
8380 25239
8380 9992
8380 9994
8380 4284
8380 26078
41149 43619
41149 23494
41149 40328
41149 19884
41149 27897
41149 25539
41149 50676
41149 12023
41149 12056
41149 60281
41149 12091
41149 60348
41149 50655
191 7696
191 3546
192 576
192 451
192 8709
192 2455
192 391
192 318
192 591
24770 50578
24770 54814
24770 40358
24770 40330
24770 40123
24770 46908
24770 6061
24770 35374
196 4626
196 11972
196 11973
196 5640
196 6425
196 11514
196 555
196 253
196 4141
24774 2722
24774 34452
24774 51989
24774 25175
24774 9963
24774 38982
24774 40157
65735 106138
65735 62980
200 806
8393 11784
8393 2529
8393 226
8393 40475
8393 44349
8394 12289
8394 12370
8394 12403
8394 12376
8394 12361
8394 4914
8394 7032
8394 12402
8394 12317
24784 1522
24784 9235
24784 44822
24784 9351
24784 4169
24784 25306
24784 3741
210 5704
210 8945
210 11204
210 6428
8403 13536
8403 4626
8403 13732
8403 3574
8403 3816
8403 5626
8403 4203
106709 106720
106709 17121
106709 137075
106709 104597
106709 104609
106709 106728
106709 106730
106709 101852
57560 47152
57560 57673
57560 56620
57560 46990
57561 47152
57561 14073
57561 47163
57561 21967
57562 80043
57562 57845
219 4307
219 6101
219 6119
219 3016
219 3721
219 6121
219 6122
219 6538
222 7808
222 22130
222 22132
222 7910
222 2122
222 4267
222 8543
57567 96321
57567 26293
57567 14088
57567 57934
57567 57902
106720 17121
106720 136883
106720 106740
106720 136855
106720 106728
106720 136889
106720 106730
106720 101852
106720 136874
106720 104609
226 576
226 9710
226 11190
226 591
226 8475
226 12431
226 11389
226 22158
226 22159
106723 104597
106723 17121
106723 108500
106723 102518
106723 59110
106723 108520
106723 108458
106723 108460
106723 105050
106723 108461
57573 21458
57573 57683
57573 17364
57573 57763
57573 47096
57573 57673
57573 14186
57573 51587
57573 47021
57573 13876
106726 49760
106726 17121
106726 136891
106726 108005
106726 110427
106726 137029
106728 17121
106728 104610
106728 136867
106728 104609
106728 136889
106728 136862
106728 104629
233 8961
233 3986
233 8763
233 490
233 3579
233 5258
233 155
233 403
233 3741
233 1021
106730 17121
106730 172500
106730 104609
106730 137145
106730 101852
106730 103934
57581 66336
57581 67472
57581 48147
57581 44099
57581 21894
57581 103464
57581 66376
57581 27288
57581 27884
57581 48173
57581 66351
106739 136864
106739 17121
106739 136866
106739 118374
106739 104599
106739 104633
106739 104610
106739 136861
106740 17121
106740 108709
106740 104609
106740 136889
106740 104174
106740 137042
106740 137075
106740 104597
106740 107734
106740 104599
106740 136856
106740 104633
106740 106746
106740 108511
106740 103934
106740 137189
106743 17121
106743 110874
106743 108709
106743 103959
248 22496
248 4626
248 4195
248 9875
248 4200
248 4203
248 443
248 5070
106746 17121
106746 137042
106746 136891
106746 103956
106746 104629
106746 104619
106746 51228
253 6692
253 3621
253 11514
253 5658
253 4031
8449 42785
8449 3970
8449 4076
8449 4817
258 425
258 403
258 6435
24835 38608
24835 47493
24835 16663
24835 9208
24835 4094
24835 7678
263 4208
263 1552
263 4196
263 542
263 10022
263 8716
263 22590
263 22597
265 1021
265 13197
8458 23666
8458 11427
8458 5588
8458 9284
8458 298
8458 24188
8458 21150
2191 56438
1410 1784
1410 5042
1410 243
1410 3574
1410 23299
24846 3792
24846 4034
24846 25045
24846 7319
24846 63834
24846 39259
24846 23615
36909 6931
36909 26988
36909 39022
36909 45763
57616 21458
57616 51587
57616 57828
57616 57813
57616 14190
57616 56616
57616 78810
57616 66578
57616 46990
57616 57645
274 6115
274 6117
274 6150
274 6119
274 6099
274 6131
277 1552
277 451
277 391
277 22936
277 6947
277 1450
277 4172
277 22941
16663 7144
16663 12323
16664 28201
16664 61259
16664 61372
8474 41427
8474 10444
8474 44573
8474 2707
8475 12429
8475 22801
8475 22158
8475 3448
8475 12424
8475 6411
8475 11389
8475 9710
8475 22159
24861 45331
24861 58405
49448 4736
49448 4915
49448 4739
49448 22158
49448 9672
49448 40858
49448 40867
49448 9710
298 22976
298 23414
298 7319
298 6807
298 6092
298 9741
298 23406
298 4623
57645 66578
57645 69859
57645 57828
57645 57621
57645 13862
57645 57813
57645 21458
57645 14159
8496 11872
8496 25185
8496 4034
8496 4181
8496 3960
8496 46108
8496 24910
8496 7285
33074 93088
33074 140808
33074 33075
33074 93108
33074 133973
33074 140807
33074 119896
33074 52986
33074 113451
33074 108940
33074 105887
33075 93108
33075 133973
33075 119896
33075 52986
33075 113451
33075 108940
2782 47294
8504 9760
8504 7824
8504 60282
41012 11872
41012 26477
41012 44822
41012 6871
6879 7824
6879 22130
6879 14962
6879 7766
6879 7127
318 7968
318 4379
318 484
318 470
319 6817
319 23338
319 4204
319 23357
322 576
322 3344
322 11186
322 436
322 23161
322 34461
5515 6480
5515 5521
5515 11730
5515 5674
5515 6186
24901 26850
24901 14078
49478 6451
49478 8588
49478 4845
49478 22839
328 3714
328 5258
328 9855
328 3660
328 3805
328 3741
57673 14128
57673 26459
57673 14159
334 5794
334 5795
334 5765
334 17929
334 5721
334 5690
334 5767
334 5722
334 5694
8528 10962
8528 5067
8528 43770
8528 4694
8528 4677
57681 47136
57681 84834
57681 57747
57681 57701
57681 21785
57681 99134
49490 91003
49490 61589
49490 26749
49490 50413
57683 21458
57683 57763
57683 26292
57683 70071
57683 21785
57683 57747
57683 54332
340 6848
340 34929
19315 49360
19315 95506
19315 52611
19315 27150
19315 23727
8543 272
8543 2209
8543 1154
8543 1396
8543 873
8543 842
8543 21150
24930 4728
24930 4721
57701 84834
57701 69859
57701 57828
57701 57782
57701 56616
57701 46939
57701 96333
358 35158
49511 27314
49511 26756
49511 49894
49511 26758
49511 49881
49511 18040
49511 63988
49511 23692
49511 39058
49511 39046
49511 39407
24937 13659
24937 15915
24937 25045
24937 7062
24938 11668
24938 12293
57708 47064
57708 21785
57708 46934
57708 27759
367 11409
367 4515
367 7413
367 5603
367 5527
367 5528
367 5672
367 5674
367 9741
367 3781
49522 35491
49522 42644
49522 16302
49522 3782
49522 23864
49522 54441
49522 3098
49522 22894
9619 9552
9619 9587
9619 9542
9619 806
9619 9562
9619 9627
9619 9519
57718 46989
57718 57894
57718 14078
57718 57782
49527 38672
49527 25046
49527 11838
49527 54814
24957 2633
24957 50378
24957 38371
24957 25468
24957 51142
57729 56624
57729 13057
57729 54355
57729 57925
57729 26461
57729 46990
57729 57791
24962 38617
24962 4027
49539 2324
49539 13516
49539 22894
49539 54439
57734 51584
57734 47096
57734 56620
57734 46990
391 451
391 591
24969 3768
24969 24010
24969 7916
24969 29606
24969 3735
394 7098
8588 2914
8588 7974
8588 7973
8588 34440
8588 36249
8588 59163
8588 46466
8588 6445
65935 46760
65935 16344
65935 50235
65935 7189
57747 13876
57747 22008
57747 22088
57747 99134
57747 21967
90516 35644
90516 93108
84718 60808
84718 63612
84718 37080
84718 26777
84718 27690
84718 58568
10925 10945
10925 9755
10925 6685
10925 3805
57763 13862
57763 22008
57763 21785
57763 13292
57763 96367
8613 11457
425 555
425 6435
425 11109
425 10955
425 7916
425 4882
425 6425
425 10938
425 10971
425 3546
25007 3960
25007 11457
25007 63834
25007 4427
25007 44419
16818 1121
16818 6489
76531 91524
76531 61093
76531 21030
76531 90550
76531 28175
25012 26224
25012 39969
25012 58532
25012 26518
25012 2166
25012 48839
25012 46842
25012 40501
57782 14128
57782 69859
57782 47095
57782 56616
439 22976
439 36203
49592 38784
49592 5265
49592 44178
49592 40699
49592 7618
49592 10606
49592 51983
10996 60216
10996 11011
10996 62835
443 451
443 8709
443 7194
443 4203
443 5084
443 591
16831 97242
16831 61051
16831 15820
16831 85037
451 23812
451 34535
451 22936
451 4743
16837 7523
16837 85037
16837 10782
457 4256
457 7748
457 38967
16842 11832
16842 50681
16842 76059
16842 28373
16842 81118
106955 90537
106955 17215
106955 63089
106955 104087
463 6480
463 6498
463 6483
463 6469
463 40470
463 5129
463 6489
463 6491
463 6494
463 34303
106960 100994
106960 85019
106960 104087
106960 100488
106960 90537
106960 100986
106960 104539
106960 104380
106960 17215
466 25185
466 40501
41427 2707
41427 44573
172500 137249
172500 108004
172500 108005
172500 107734
172500 104609
172500 111272
172500 137145
172500 171297
172500 137029
57813 56624
57813 66578
57813 57828
57813 13862
57813 13254
57813 13884
57813 21458
57813 14159
470 6480
470 5265
470 9283
470 7620
470 7672
470 40634
471 1250
471 12234
471 5690
471 930
471 7455
65615 10112
65615 47737
65615 47733
65615 68486
11002 93088
11002 93108
62885 11056
62885 11073
62885 11020
25057 26518
25057 38982
484 11443
484 20989
484 1999
25063 18287
25063 34487
25063 11878
25063 23831
489 1568
489 13538
489 243
489 516
489 1453
489 2365
489 16735
490 4017
490 403
490 3900
490 6685
490 3022
490 4156
491 3344
491 1923
491 551
491 35674
491 11405
491 15971
44207 46274
44207 24819
44207 24711
44207 37707
44207 50383
44207 35327
8686 6512
8686 8740
8686 4248
8686 7628
8686 5114
8686 6493
57845 47152
57845 27544
57845 22009
57845 47064
57845 57865
57845 80043
57845 46940
57845 47005
57845 56592
16888 27400
16888 36095
16888 3758
16888 4463
513 6076
41476 9713
41476 45763
41476 26486
8709 4195
8709 8734
8709 2455
8709 4203
8709 8716
8709 542
57865 47194
57865 80043
57865 54332
57865 27759
16907 100513
16907 100516
16907 21377
16907 100508
16907 100523
16907 100492
16907 14990
16907 100495
16907 100498
16907 102005
16907 100502
16907 18940
8716 4208
8716 4195
8716 8734
8716 4203
8716 22590
8716 22597
25107 50506
25107 28710
25107 47314
25107 7182
25113 22803
25113 42020
25113 15430
25113 9047
538 6497
538 5074
538 5108
538 8740
538 6587
538 6463
8732 7434
8732 5316
8732 44822
8732 7455
8734 4203
8734 5070
8734 22590
8283 5881
8283 4914
8740 8742
8740 6458
8740 35272
8740 7179
8740 6493
8740 6512
8740 6483
8740 5108
8740 42103
8740 4367
8740 6463
16933 9760
16933 6551
16933 59047
16933 1464
16933 66617
16933 61847
16933 23671
16933 12023
8742 7617
8742 15842
8742 6469
8742 6472
8742 8746
8742 7179
8742 6483
8742 5108
8742 40470
8742 6587
8742 6493
25127 26515
25127 6988
25127 26125
25127 49494
25127 12341
8746 6480
8746 7617
8746 6498
8746 6483
8746 40470
8746 5096
8746 6587
8746 6493
555 10962
555 11109
555 10955
57902 96321
57902 57894
57902 96361
57902 54202
57902 46939
57902 96333
16945 21024
16945 61042
16945 61082
16945 31614
16945 8159
25138 4552
25138 45393
25138 972
25138 7062
25138 11791
8763 6435
8763 11508
8763 2758
8763 22967
8763 4302
574 5704
574 3849
574 9907
574 7758
575 5658
575 5666
575 6493
576 3368
576 591
8769 12304
8769 12402
8769 2057
8769 8798
8769 8807
8769 10968
8769 12345
8769 12330
8769 12343
8769 8813
8769 12382
57925 22008
57925 14088
57925 54378
57925 47100
57925 27757
57925 57934
8774 66617
8774 50378
8774 26332
8774 2209
49739 18640
49739 101921
49739 101954
49739 101953
49739 101919
49739 31455
102498 136866
102498 108468
102498 118374
102498 102518
102498 104169
102498 136916
102498 49782
102498 104158
57934 13862
57934 14088
57934 96361
57934 13884
57934 46989
591 7233
591 4284
8787 11109
8787 918
8787 6425
8787 1162
8787 1691
8787 6807
25175 7891
25175 22951
25175 47978
25175 54812
25175 16254
102500 93209
102500 100628
102500 108461
102500 49782
102500 102487
49754 47696
49754 10132
49754 62117
49754 62918
49754 63015
49754 78408
49754 55625
49754 62106
49754 62091
49754 62973
35599 11057
35599 6574
8798 2352
8798 1892
8798 2057
8798 12345
8798 12361
8798 8807
8798 6940
8798 8813
8798 12317
49760 108468
49760 137042
49760 136900
49760 137029
49760 136855
49760 137044
49760 103956
49760 136890
49760 103963
49760 108511
25185 7860
25185 38646
25185 3703
25185 59929
8806 34512
8806 1691
8807 2352
8807 1892
8807 681
8807 35835
8807 8813
5564 6196
5564 5574
5564 5527
5564 4367
5564 2287
618 1105
618 1243
618 46517
619 2050
619 26149
619 46534
619 46519
619 621
619 2429
8813 2352
8813 12370
8813 1892
8813 12361
8813 12345
8813 12317
8813 681
625 1795
625 3387
625 15845
625 11463
627 35674
627 1243
627 1923
627 2814
627 1999
49782 100628
49782 118374
49782 104169
49782 93211
49782 104158
49784 15944
49784 61409
49784 54716
49784 1190
49784 11572
633 10000
633 38608
633 7766
49786 107745
49786 136883
49786 136855
49786 107736
49786 136889
49786 136890
49786 104599
49786 103934
49786 114703
41599 23618
41599 2582
41599 23414
4203 9875
4203 4195
4203 2455
6934 45347
6934 27116
6934 27117
6934 3295
25222 4034
25222 23667
25222 3703
25224 10000
25224 2064
25224 11572
25224 3098
25224 1359
25224 11674
25224 22894
25224 39871
61548 28225
61548 16210
61548 49795
61548 47700
61548 61221
61548 47686
61548 35595
61548 61547
61548 47685
57994 5050
57994 7427
57994 40778
8845 17176
8845 11409
8845 10330
8845 3874
8845 3090
82579 95185
82579 45751
82579 95044
82579 87881
25238 52561
25238 52531
25238 21716
25238 52550
25238 27127
25238 15627
25238 9351
25238 89036
25238 26462
663 1105
25246 12385
25246 25846
25246 13535
8865 39128
8865 3900
8866 12216
8866 13376
8866 3874
8866 22630
17059 36319
676 727
676 23574
676 40879
62918 78408
62918 10989
678 6942
678 38371
678 16158
678 5960
678 4525
678 47486
11036 90576
11036 7489
11036 10245
11036 58566
11036 6648
11036 4728
11036 73628
11036 54461
11036 63093
8875 8961
8875 34477
8875 9182
8875 10381
49837 23696
49837 49892
1480 49313
1480 11460
1480 12262
700 15845
41663 13792
41663 9143
41663 7865
41663 4586
41663 6986
41663 41134
25280 24736
25280 10016
25280 35374
25280 10049
25286 13785
25286 1450
711 22753
711 40459
711 4715
711 6821
711 22739
711 6411
711 1021
711 22158
711 22749
8907 9946
8907 5690
8907 25974
8907 24029
717 10606
25295 3959
17106 10808
17106 68424
727 12552
727 4985
25305 22907
25306 9601
25306 9362
25306 13793
25306 9356
25306 1682
68389 53818
68389 27333
25312 25396
25312 3970
25312 1812
17121 16208
17121 49800
17121 103961
17121 101852
17121 104602
8931 39552
8931 39345
8931 2722
8931 4980
8931 38788
8931 7716
49892 23696
49892 11073
49892 49371
49894 26756
49894 77509
49894 26758
49894 23692
49894 27663
49894 63988
49894 5814
49894 63959
49894 49881
49894 13725
49894 49733
8939 6656
8939 58643
8939 11812
8939 10503
8939 3723
8939 6652
749 34955
749 10270
8945 4172
8950 24848
8950 41592
8950 1021
8950 4031
8951 3970
8951 7396
8951 56678
8951 44934
8951 10503
8951 3741
8951 4319
41724 12403
41724 6587
41724 42103
8957 3672
8957 45331
8957 29606
8957 11878
8957 23832
8957 4606
768 3632
768 5346
768 542
768 2033
8961 3714
8961 9907
8961 7396
8961 3579
8961 10347
8961 403
8961 3741
8961 5694
8961 1021
113451 93088
113451 140807
113451 140808
113451 108940
113451 93108
113451 133973
113451 119896
113451 52986
113451 28187
113451 105887
8967 3874
8967 5719
8967 17176
8967 17929
8967 10330
8967 3660
8967 5709
8967 10270
8967 40826
779 18320
779 17765
779 46493
779 15383
8972 26321
8972 39826
8972 7080
8972 5945
8972 1243
8972 6988
8972 5918
17165 26664
17165 53185
17165 62006
17165 68695
25365 9528
17176 2338
66336 53888
66336 44099
66336 26533
66336 21894
66336 58577
66336 66376
66336 66345
66336 66346
66336 27884
66336 66351
66336 53905
66336 27288
49956 50129
49956 50164
49956 26773
49956 64490
49956 51083
49956 26767
49956 64554
49956 50165
49958 47846
25383 10000
25383 22976
25383 22115
25383 50453
25383 50339
25383 22120
25383 22956
25383 22917
25383 2334
25383 39871
66345 53905
66345 44099
66345 25940
66345 27128
66345 66376
66345 66346
66345 27884
66345 23790
66346 44099
66346 26533
66346 67569
66346 66376
66346 48616
66346 23790
66346 66351
66346 53905
66346 67542
66346 103464
66346 62168
24711 7618
24711 23299
24711 7701
24711 1882
24711 44178
24711 55758
66351 48616
66351 44099
66351 25940
66351 30535
66351 16344
66351 62564
66351 27884
49968 64528
49968 50161
49968 18754
49968 50164
49968 51080
49968 51083
819 2209
819 2391
66358 59026
66358 9875
66358 34487
66358 27420
66358 66362
66358 28859
66358 27692
66358 19389
25401 13057
25401 7556
25401 26461
66362 48864
66362 48147
66362 21894
66362 6551
66362 27692
17211 18488
17211 58855
17211 12782
17211 40583
25404 38608
25404 1337
49982 64528
49982 18754
49982 50164
49982 64554
49982 51083
49982 50046
49982 49983
49983 64528
49983 51083
9030 6146
9030 13763
9030 13732
9030 3016
9030 6121
9030 13595
9030 6110
66375 29232
66375 30657
66375 3653
66375 28856
66375 26763
66375 29231
66376 53905
66376 19389
66376 67542
66376 48616
66376 62168
66376 48173
66376 27692
69772 58296
69772 62836
69772 58877
69772 61262
69772 61247
842 21716
842 7092
842 6757
27447 3944
27447 4586
27447 43764
27447 9286
38371 4120
38371 47486
38371 6942
50005 50161
50005 50165
50005 50039
50005 64490
50005 64554
50005 50046
9047 22803
9047 42020
9047 15430
17241 55761
17241 105028
17241 7838
17241 20807
863 1339
25440 44960
25440 23247
25440 4677
25440 23161
865 3994
865 942
873 5288
58855 42329
58855 23589
58855 40583
17268 13828
17268 43029
17268 65158
17268 61100
17268 11851
17268 91484
17268 10782
50039 64490
50039 39747
50039 15853
91003 50413
91003 47734
91003 61589
17276 21601
17276 53491
17276 22204
50046 51080
50046 64554
50046 47846
25477 11296
25477 13792
25477 15971
25477 26486
25477 12342
25477 9178
25477 40890
3849 1774
3849 9922
3849 11187
3849 22590
3849 9943
3849 9946
3849 2865
9101 11280
9101 21283
9101 11508
9101 24023
9101 436
9101 34484
9101 23339
9101 14542
25486 61281
25486 2407
25486 8159
917 2050
917 26158
917 46534
918 4379
918 6893
930 26125
930 7279
155 403
155 7396
155 3750
155 7395
155 4076
155 3741
155 6685
7669 7489
7669 5351
7669 5382
7669 5367
942 3329
11572 11674
11572 3816
17329 26321
17329 6988
9143 11791
58296 62912
58296 11057
58296 58877
58296 62087
24736 45349
25539 23688
25539 47282
25539 48392
25539 11770
25539 11851
25539 58749
91638 93569
91638 101634
91638 92964
91638 92597
91638 55625
91638 29451
91638 11029
91638 61343
49313 52418
49313 12875
49313 3914
49313 15915
49313 7662
971 2050
971 26332
971 26149
971 621
972 7062
972 6390
972 1927
972 9943
972 8151
25550 54467
25550 74743
25550 11973
25550 4725
66511 5035
66511 12910
66511 47510
50129 50164
50129 26773
50131 58905
50131 64490
50131 23812
50131 12822
50131 25345
17364 27544
17364 54355
17364 46043
9178 40894
9178 63805
66523 9216
66523 9762
66523 5332
66523 34598
66523 7725
25565 5264
25565 9761
25565 10818
25565 40452
25565 12041
25565 9788
25565 43423
990 25665
990 5258
990 26873
990 7285
990 4031
9190 17664
9190 22120
9190 1662
25577 43761
25577 7826
25577 516
25577 14846
25577 23606
25577 38840
25577 7705
25577 43770
25577 7309
25577 4094
25581 28867
25581 26724
25581 43609
25581 39531
25581 43628
25581 27150
25581 12047
50161 64528
50161 50164
50161 53388
50161 64490
50161 51084
50161 64554
50161 15853
66548 104272
66548 61529
66548 104291
25589 4923
25589 25124
25589 7662
74743 39826
74743 4725
74743 21430
74743 54476
74743 54479
9208 5649
9208 10034
9208 3755
9208 4027
1021 7396
1021 22375
1021 6411
1021 11628
1021 51309
1021 3579
1021 3741
9216 9235
9216 34598
9216 36249
9216 7033
9216 40699
1034 2064
1034 46417
1034 23856
62978 69440
62978 62980
62978 47285
62978 62087
62978 61578
62978 69429
62978 35573
66578 21458
66578 51587
66578 13862
66578 70071
66578 13292
66578 14159
9235 34598
9235 23402
9235 6872
8366 6352
8366 5634
8366 8723
8366 4405
8366 2998
8366 38840
8366 7705
8366 9981
8366 8381
35673 52707
35673 27013
35673 26663
35673 9256
35673 11405
35673 29006
1048 44573
5636 35024
5636 4914
5636 43764
5636 11719
5636 26372
5636 11100
5636 23406
5636 4693
9251 10281
9251 43852
9251 3781
9251 7911
42020 22749
42020 58905
58405 60282
58405 60276
58405 43638
58407 13659
58407 26477
58407 9443
9256 44480
9256 26663
9256 27013
1066 9392
1066 10315
1066 3380
1066 3335
25648 25794
25648 60343
25648 50662
25648 28119
25648 58971
25648 23573
25648 37202
25648 43589
1544 10643
1544 10270
1544 1871
50228 26563
50228 7189
50228 56070
50228 10727
50228 21430
50228 6551
50228 12661
9269 19161
9269 4490
9269 40634
66617 48180
66617 12822
50235 12960
50235 65361
50235 35190
50235 6551
50235 16344
50235 15994
50235 46760
50235 53324
25661 10898
25661 1283
25661 21284
50239 65361
50239 6931
50239 56103
50239 14537
50239 48845
50239 1871
25665 45393
25665 40771
25665 24772
25665 12133
25665 12185
25665 11674
25665 3932
25665 2973
25665 22894
9283 8753
9283 11797
9283 5367
9283 7672
9283 5658
9283 40634
58436 66737
58436 58450
58436 58469
58436 58455
58436 43641
58436 39865
58436 13202
9286 4896
9286 7168
9286 12323
9286 22132
9286 9941
9286 16344
9286 7098
9286 6936
2914 5385
2914 8159
26125 46466
26125 47510
1105 34955
1105 1670
58450 66737
58450 48438
58450 43641
58455 66737
58455 58469
58455 48438
58455 43641
58455 7835
58455 48831
25689 10841
25689 13530
25689 9842
25689 34461
11109 23856
11109 13514
11109 10955
11109 26988
11109 12318
11109 1359
1121 6489
58469 66737
58469 13202
58469 48438
58469 43641
58469 7835
58469 39865
28860 67472
28860 67569
28860 48661
28860 62168
28860 27692
28860 27884
28860 48173
25708 5432
25708 48320
8381 6352
8381 4405
8381 6375
8381 51851
8381 4029
42103 25919
42103 12711
23402 43784
23402 10770
23402 7459
23402 39302
23402 55207
23402 6872
23402 39433
23402 40699
23402 23726
9342 3721
9342 9402
9342 9747
9342 8180
9344 22739
9344 3764
9344 2237
9344 4655
1154 3960
9351 9392
9351 5286
9351 9402
9351 10315
9351 9356
1162 2209
1162 15845
5655 43777
5655 6196
1164 13197
25744 43784
25744 39433
25744 55207
25744 7829
25744 23713
9362 9356
9362 9402
9362 2758
58515 18978
58515 10723
58515 59011
58515 35190
58515 27927
58515 37080
50713 4632
50713 43509
50713 36910
58521 58561
58521 62565
58521 56070
58521 6551
58521 15994
58521 65297
58521 55550
58524 58532
58524 26564
58524 48141
58524 63612
58524 54461
58528 60816
58528 18978
58528 26595
58528 59011
58528 59039
58528 55970
58528 26563
58528 59023
58529 58576
58529 53888
58529 46739
58529 27879
58529 59039
58529 58541
58529 46767
50339 22976
50339 6736
50339 50453
50339 21150
50339 22956
50339 2542
58532 55970
58532 54478
58532 36551
58532 58548
58532 59047
58532 27420
58532 65342
65734 27840
65734 30657
65734 44356
65734 3653
65734 58636
65734 26763
65734 73452
65734 87951
65734 73456
65734 73460
65734 73463
65734 73465
65734 29231
1190 9940
58541 53888
58541 26199
58541 7488
58541 27879
58541 23790
9391 11385
9391 1927
9391 63505
9392 44480
9392 13793
9392 8180
9392 10315
66737 39865
66737 7835
66737 48831
58547 58561
58547 58563
58547 46813
58547 46823
1204 6365
58552 58576
58552 7128
58552 27882
58552 26243
9402 5286
63007 23890
63007 28279
58561 60816
58561 58548
58561 56789
58561 58566
58561 27879
58561 59039
25794 25137
25794 60276
25794 17604
25794 12036
25794 12091
25794 60348
25794 65039
58563 58566
58563 39969
58563 58579
58563 35190
58563 48839
58563 63612
58563 56085
17604 50662
17604 60295
17604 58968
17604 60473
17604 58971
17604 50633
17604 50669
17604 50655
58566 7047
58566 4817
58566 46823
58566 48141
58566 46750
58568 10706
58568 46739
58568 30548
58568 48638
58568 26777
58568 56085
50378 34535
1229 2166
50383 7785
58576 26199
58576 59039
58577 48616
58577 48147
58577 63636
58577 1464
58577 53905
58577 46760
58577 66340
58577 23790
1234 15971
1234 37020
58579 59040
58579 60816
58579 46823
58579 28736
58579 59066
58579 12494
12494 55970
12494 21430
12494 54478
107734 103959
107734 136855
107734 136890
107736 107745
107736 136900
107736 107751
107736 103945
107736 136855
107736 136887
107736 114703
107736 136883
107736 68631
107736 137145
107736 107996
1243 46723
1243 55365
1243 46043
1243 621
58589 35312
58589 1457
58589 15053
58589 25926
58589 58600
58589 26873
58589 15819
58589 35372
58589 58605
58589 22190
58589 27885
107742 110422
107742 68631
107742 103959
107742 114703
107742 136887
107742 108511
26149 13202
26149 46519
107745 114703
107745 103945
107745 136889
107745 68631
107745 136890
107745 107751
1250 10286
1250 35550
9443 26251
9443 6988
9443 46734
9443 9927
1252 46043
107751 103956
107751 103945
107751 137145
107751 136890
107751 114703
107751 103934
107751 108511
58600 35312
58600 1457
58600 27885
58600 19637
58600 25926
58600 35372
58600 15053
58600 22190
58600 58605
25835 69465
25835 35573
25835 69429
50413 11457
50413 61589
50413 36319
25839 46842
25839 26595
25839 10733
25839 34351
25846 23632
25846 56201
25846 26078
17664 22976
17664 11508
17664 22119
17664 22120
17664 22980
17664 22956
17664 4302
17664 5455
1283 10898
1283 22803
1283 6821
1283 40871
1283 40122
1283 4570
50440 35644
50440 23811
50440 61236
50440 47285
50440 47750
58636 73456
58636 73460
58636 28856
58636 73465
58636 87951
58636 26763
58636 73452
58636 29231
58643 6656
58643 44907
58643 9766
58643 4571
58643 12042
58643 13181
58643 12058
58643 4026
50453 6864
50453 11514
50453 22956
50453 28362
49371 11056
49371 11073
49371 62836
49371 10245
49371 61578
49371 28095
50469 40240
50469 55814
50469 24086
50469 28647
50469 27240
50469 55738
9519 9552
9519 9542
9519 806
9519 9562
9519 9627
9528 4736
9528 4915
9528 4195
9528 13463
1339 11306
1339 2758
1339 56438
17725 36128
17725 47809
17725 36159
17725 36165
17725 23247
9534 12432
9534 9587
9534 9557
9534 9622
25919 34452
25919 35529
25919 40282
25919 34811
25919 6493
25919 49054
25926 35312
25926 1457
25926 19637
25926 15053
25926 35372
25926 58605
25926 22190
25926 35309
83271 47218
83271 91524
83271 21030
83271 62023
83271 61002
83271 6667
83271 91484
83271 63854
83271 28175
1352 48864
1352 21737
1352 1565
50506 38830
50506 6078
1359 46274
1359 11667
1359 4052
1359 23430
1359 3098
1359 11558
1359 11674
1359 4014
1359 5663
9552 9542
9552 3703
9552 9562
9552 9627
9552 9610
25939 2542
25940 59026
25940 66340
25940 55254
25940 62564
25940 28859
25940 23790
9557 3395
9557 9542
9557 9562
9557 9627
42329 23589
9562 9542
9562 9627
7055 39531
7055 6933
7055 16254
91484 91524
91484 90550
91484 21030
91484 61002
91484 62023
91484 28175
1374 26849
1374 12330
1374 44423
9570 2144
9570 14483
9570 3395
9570 40468
9570 40890
9570 22941
9570 3295
25956 2096
25956 52176
25956 51989
25956 12822
25956 10053
25956 4586
25956 15390
17765 52465
17765 48388
17765 15383
17765 20938
17765 52439
17765 48831
91499 61093
91499 90550
91499 26664
91499 61002
91499 28175
91499 73178
91499 98117
35730 13376
35730 3714
35730 9747
35730 3750
35730 10265
35730 3566
35730 4319
35907 10962
35907 11427
35907 23549
1391 1453
1391 1670
1391 8151
9587 3395
9587 6549
1396 43640
1396 20610
1396 22130
1396 43639
1404 20610
1404 16835
1404 48154
58749 35579
1408 12385
1408 40541
9601 3335
9601 3714
9601 4645
9601 8183
25986 35489
25986 43761
25986 24731
25986 35309
91524 61093
91524 21030
91524 61082
91524 62023
91524 90550
91524 98117
9610 13401
9610 40101
9610 2407
25998 50681
25998 25171
25998 10807
7064 37080
7064 21031
7064 17933
7064 6551
50578 6593
1427 8577
1427 46978
1427 26219
1427 26278
1427 26766
9622 8577
9622 4831
9627 3395
9627 28421
9627 9542
1442 42834
1450 9880
1450 13725
9643 10962
9643 436
9643 22951
1453 4525
1453 1670
26032 46408
26032 25345
1457 35372
1457 58605
1457 22190
1457 15053
1457 35312
1457 27885
1457 35316
1457 35350
1457 35348
1457 35309
1457 35327
1464 4525
1464 20055
1464 14537
57588 5296
57588 40101
9672 4739
9672 4676
50633 60332
50633 23683
50633 60276
50633 43653
50633 28119
50633 60281
50633 60282
50633 60343
50633 19884
50633 11628
107996 137042
107996 137044
107996 108005
107996 136855
107996 136856
107996 103934
107996 137189
50653 50712
50653 23713
50653 50678
26078 10049
26078 25239
26078 9994
26078 9998
26078 10015
50655 58971
50655 43589
50655 50678
50655 50662
50655 39531
50655 19884
50655 36910
50655 50669
108004 137249
108004 111268
108004 108005
108004 171297
108004 133977
108004 103963
108004 137029
108005 137249
108005 111268
108005 171297
108005 111272
108005 108500
50662 26882
50662 40328
50662 19884
50662 50672
50662 46770
50662 60276
50662 50712
50662 60282
50662 60348
1511 47285
1511 27987
1511 59349
1511 59368
1511 14803
1511 47733
50669 37202
50669 43653
50669 60343
50669 58968
50669 60282
50669 28119
50669 60332
50669 25821
50669 43589
9710 11190
9710 3448
9710 12431
9710 22158
9710 22159
50672 48420
50672 60276
50672 50676
50672 37511
9713 2275
1522 2324
1522 2455
1522 10315
1522 9356
1522 9981
1619 10898
1619 11460
1619 9741
1619 11838
50676 2297
50676 48320
50678 37511
50678 50681
50678 4026
50678 13310
50681 31600
50681 23683
50681 28373
50681 76059
50681 81118
9722 1840
9722 27288
9722 58018
9722 3675
58877 62912
58877 61585
58877 47700
58877 47686
58877 28281
58877 35643
34303 5129
34303 44386
34303 6458
34303 6494
34306 34320
34306 23604
34306 34325
140807 93088
140807 133973
140807 52986
140807 28187
140807 105887
140808 93088
140808 93108
140808 133973
140808 52986
140808 28187
140808 108940
17929 9946
17933 65297
17933 63636
17933 56070
17933 21031
9742 5351
34320 23604
34320 34325
34320 7865
34320 23356
34320 5522
9747 3712
9747 6736
9747 3387
9747 6685
34325 23604
34325 6794
34325 5522
50712 37202
50712 28867
50712 48420
50712 60276
50712 19884
58905 11296
58905 38723
58905 44772
58905 46517
58905 12996
58905 48831
9755 7377
9755 6663
9755 6200
9755 10938
9755 36095
9755 6685
1565 1871
1565 36412
1565 15845
1565 44423
9760 10801
9760 10795
9760 7673
9761 11585
9761 12006
9762 4676
9762 44349
9762 12255
9765 10779
9765 4626
9765 10795
9765 10782
9765 10807
9766 6656
9766 35435
9766 11812
9766 44907
9766 4606
17965 47696
17965 35579
17965 43447
17965 10232
17965 47707
17965 17788
17965 10189
17965 46839
26158 13202
26158 46534
26158 26581
34351 10808
34351 59011
34351 35148
34351 59023
1586 12289
1586 12370
1586 12341
1586 2057
1586 12376
1586 12361
1586 12394
1586 12391
1586 6940
1586 12382
35763 4721
35763 45331
35763 5541
35763 34601
35763 39832
35763 4601
35763 40282
35763 5573
9788 10960
9788 10962
9788 6131
9788 14467
9788 3721
2998 4584
2998 14962
2998 24772
2998 7911
9798 7377
9798 5435
9798 6340
50765 81384
50765 68522
50765 55738
50765 21758
68522 55792
68522 7026
68522 23557
68522 24086
68522 55737
68522 55608
68522 31769
68522 55562
68522 21758
68522 63391
1616 5265
1616 4628
1616 60733
1616 8159
7146 7128
7146 61847
7146 63599
26195 42785
26195 38710
26195 40894
26195 3295
1621 43761
26199 19506
26199 2166
26199 61847
58968 39531
58968 43589
58968 60295
58968 12091
58968 58971
58971 26882
58971 43651
58971 43589
58971 39531
58971 46770
58971 60276
58971 60343
58971 12091
50782 50784
50782 23811
50782 47752
50782 28201
50782 73178
50782 62798
50784 47752
50784 62798
24848 10000
24848 2096
24848 3663
26210 6864
26210 26218
26210 46274
1638 60866
1638 60867
1638 54716
1638 47738
1638 45299
26219 26289
26219 46978
26219 54355
26219 26281
26219 47002
26219 46989
1644 28187
1644 26749
26224 26225
26224 39969
26224 35190
26224 27879
26224 46811
26225 59032
26225 48612
26225 26533
9842 58018
9842 7395
99956 108505
99956 93211
99956 108455
99956 102518
99956 102487
26230 35434
26230 46274
26230 22453
1655 4017
1655 44178
1655 4493
1655 5541
18040 18273
18040 63988
18040 26758
18040 63959
18040 10782
1662 1670
1662 8151
9855 403
9855 3863
9855 12152
9855 22281
9855 9946
9855 4427
26243 19506
26243 10643
26243 13202
34440 23617
34440 6451
34440 34452
34440 6441
34440 23615
26251 46760
59023 59040
59023 59026
59023 60816
59023 27927
59023 26777
59023 36551
59023 59039
59023 10706
59026 55254
59026 48173
59026 19389
1683 6400
1683 6375
1683 6406
1683 35327
26260 2064
26260 2367
26260 24023
9880 6947
9880 13683
83610 60483
83610 46022
83610 52611
83610 23727
83610 49360
83610 95506
83610 12083
83610 43639
83610 47960
83610 59215
83610 12093
83610 47870
83610 84191
1691 13536
1691 19081
34461 11616
34461 13680
34461 11443
34461 25257
34461 13530
34461 6908
34461 36941
59039 60816
59039 26777
59040 12960
42658 4403
42658 23683
1702 61847
1702 11668
1702 11973
1702 12023
1702 27419
1702 54478
1702 54479
59047 28736
59047 7047
59047 18487
59047 63612
26281 13985
26281 46043
26281 78810
26281 46939
26281 46990
26281 57791
34477 12159
26289 14256
26289 56602
26289 54355
9907 10347
9907 5709
34484 11508
34484 24023
34484 6441
34484 23339
34484 63805
34484 3295
26293 13884
34487 6620
34487 4612
34487 4631
34487 35097
34487 4439
34487 11455
18104 63000
18104 60866
18104 11770
18104 61562
18104 16333
17788 10132
59066 27585
59066 12661
59066 48647
59066 60808
59066 84729
59066 27690
59066 37080
59066 10723
18107 13828
18107 90550
9919 3712
9919 10330
9919 9908
9919 3863
9922 3616
9922 10385
9922 40101
9922 9946
9922 5742
9922 12159
26307 24772
26307 1927
1732 12025
1732 51482
1732 403
1732 23300
1732 7809
1733 43761
1733 1715
1733 40358
1733 44822
1733 1435
1733 2334
9927 40157
9927 39898
9927 4027
9927 2330
9927 26477
89036 15627
89036 42748
35789 10938
35789 40459
35789 40452
35789 3546
34512 3992
34512 6939
34512 3758
26321 38710
26321 20545
26321 36249
26321 51482
26321 6988
26321 48385
9940 13376
9940 3874
9940 11187
9940 5690
9941 24819
9941 3863
9941 9356
9941 26477
9941 54814
9943 4102
9943 27463
9943 9946
9943 12234
9946 11187
9946 5719
9946 12234
9946 3694
9946 12159
26332 7026
26332 1715
26332 25045
1760 10286
49494 11616
49494 47650
59110 93209
59110 93211
34535 23632
34535 44772
34535 39046
34535 46408
34535 21737
59114 10232
59114 60867
59114 47747
59114 47750
59114 46839
59114 101640
59114 35644
59114 47707
59114 46780
59114 46929
9963 43497
9963 9356
9963 4158
1774 3712
1775 5978
1775 45819
1775 4845
1775 26607
9973 24200
9973 5577
9973 3050
9973 7478
27883 26564
27883 40501
1784 45985
1784 23811
1784 2391
1784 4847
42748 52531
42748 27405
9981 6339
9981 44907
9981 10962
9981 20973
1795 3295
1795 7108
1795 15845
1795 39773
26372 35024
26372 11730
26372 41134
26372 35529
26372 43770
26372 23406
9991 272
9991 10049
9991 10022
9991 25239
9991 2057
9991 9994
9991 4284
9992 10049
9992 6899
9992 40311
9992 10022
9992 25239
9992 38664
9992 9994
9992 4923
9992 4284
9994 10049
9994 9998
9994 10022
9994 25239
9994 4284
9994 10015
18187 47152
18187 14065
18187 18759
18187 47096
18187 54378
18187 14073
18187 27757
18187 47005
9998 10049
9998 45985
9998 22894
10000 3652
10000 3590
10000 13310
10000 23263
59011 60816
59011 18978
59011 11973
59011 10710
59011 27619
59011 39826
59011 7589
1812 21226
67350 47218
67350 62005
67350 100488
67350 63097
67350 104380
67350 67518
1815 14962
1815 63299
1815 7974
1815 48023
1815 2122
1815 22130
1815 22399
1816 7488
1816 5444
1816 11853
10009 23880
10009 61259
7377 6672
7377 6340
59163 2561
59163 10018
59163 3292
59163 27029
59163 40105
59163 11689
59163 29484
59163 22941
97242 62036
97242 12837
97242 73098
97242 85037
97242 31614
46725 36248
46725 37080
46725 47282
10016 37707
10016 7716
10016 22917
10016 22920
10016 54441
10016 22907
10016 4302
42785 4817
34598 12996
34598 55207
34598 6872
34598 40699
34601 3016
34601 40282
34601 13708
34601 38982
1840 7096
1840 10034
1840 59790
10034 5649
10034 23430
10034 5574
10034 9741
10034 2542
1847 63427
1847 62829
1847 48141
26581 55365
10049 45985
10049 10022
10049 5574
10049 4284
10049 3590
10049 25239
10049 24188
10049 10015
34629 11616
34629 25345
34629 14483
34629 3295
1862 4208
1862 4196
1862 22597
1862 4216
1862 4204
1862 22590
59215 19793
59215 95506
59215 52611
59215 76212
59215 27815
59215 47960
59215 68898
59215 47870
59215 26525
34640 24204
34640 22453
312 4469
42834 90720
42834 28281
22158 12424
22158 12429
22158 12431
22158 22801
22158 11190
22158 8183
22158 3448
22158 7279
22158 22159
22158 11389
11851 13566
11851 10782
11851 45751
11851 63854
1881 1871
1881 7911
1881 5690
1881 5771
1881 10285
1881 5742
1881 24029
1882 38784
1882 23299
26459 14065
26459 14190
26459 57894
26459 14073
26459 96329
26459 46990
1885 47737
1885 26747
1885 61259
26462 27125
26462 21716
26462 52550
26462 27126
26462 27127
26462 52538
26462 52555
26462 52554
26462 27405
18273 39058
18273 49733
18273 5814
18273 63959
18273 49881
1892 2352
1892 12371
1892 3214
1892 681
1892 12314
1682 56201
1682 6225
1682 13793
18287 40468
18287 22798
18287 22936
18287 4570
18287 4715
18287 12782
9875 7809
9875 4629
10101 3568
10101 5528
10101 5574
10101 5640
10101 6489
10101 23357
10101 5551
26486 7482
26486 15971
26486 23652
34452 39898
34452 38982
34685 47969
34685 60483
34685 12047
1923 11296
1923 3344
1923 2166
1923 551
1923 35674
1923 11405
57621 14065
57621 3283
57621 99134
57621 57894
57621 14190
57621 21967
1927 10399
1927 11385
1927 4959
136855 136883
136855 136889
136855 136874
136855 136862
26508 48864
26508 12661
26508 48173
48404 63582
67472 62166
67472 67569
67472 62564
67472 26533
67472 67542
67472 62168
59032 58548
59032 26518
59032 27585
59032 48180
59032 35148
59032 48612
59032 65361
10131 47696
10131 10226
10131 10197
10131 47737
10131 35644
10131 62645
10132 10232
10132 10197
10132 47510
10132 35576
10132 55625
26518 5923
26518 11973
26518 13406
10136 62973
10136 62859
10136 62117
10136 14679
26525 38672
26525 4754
26525 84191
26525 47870
26533 7189
26533 67542
26533 55254
26533 47493
108455 136864
108455 136866
108455 136867
108455 104633
108455 49800
108455 102487
108455 108505
108455 133911
108455 136916
108455 105050
108455 108468
108458 108520
108458 100513
108458 108460
108458 108461
20807 105028
20807 7838
20807 55761
108460 100513
108460 108468
108460 108520
108460 108461
108461 100513
108461 104609
108461 108520
46749 4784
46749 43873
108468 102487
108468 133911
108468 100642
136862 104610
136862 111275
136862 137044
136862 104629
136862 136856
136862 136874
136862 104619
136862 104602
136862 110427
10172 61360
53578 68689
53578 60994
53578 54022
53578 68695
53578 68681
53578 61978
53578 61981
53578 62014
67518 95185
67518 63089
67518 104087
67518 90537
67518 87881
67518 17215
26563 26564
26563 7128
26563 46746
26563 10733
26563 48638
26564 28736
26564 48661
26564 27882
51142 94739
51142 40758
51142 105015
51142 23475
51142 27966
51142 12783
10183 47738
10183 47686
10183 61303
10185 26747
10185 35555
83914 48384
83914 84851
83914 21284
83914 102680
83914 84858
83914 102684
83914 31485
10187 21024
10187 63842
10187 38468
10187 61973
10187 68726
10187 36665
10187 61003
10188 45299
5794 10281
5794 7279
5794 5767
1999 7293
1999 2814
5795 5765
5795 5767
5795 5721
5795 5050
5795 5771
5795 5694
5795 4959
108500 136864
108500 108505
108500 104633
108500 133977
108500 104617
108500 102487
108500 101228
108500 136874
24910 48320
24910 3995
24910 27029
67542 67569
67542 62168
67542 54461
108505 136866
108505 136867
108505 104629
108505 102487
108505 136916
108505 136874
108505 104619
108505 104158
75742 12025
75742 20669
2015 38784
10210 11057
10210 35571
10210 28279
26595 7217
26595 48180
26278 47154
26278 13254
26278 47002
26278 46043
26278 46989
108520 100513
108520 31085
108520 105050
18411 48320
18411 4985
8530 26843
42990 10315
42990 28421
26607 3237
26607 12005
26607 22839
26607 19161
26607 2749
67569 53905
67569 62564
67569 103464
67569 48616
67569 28859
67569 48173
67569 23790
10226 10245
10226 61174
10226 28381
10232 61164
10232 26747
10232 47708
10232 47743
10234 61561
10234 54716
34811 40123
27405 52531
27405 36203
2050 4004
2050 46519
2050 621
2050 2429
10244 47696
10244 59368
10244 47747
10244 18901
10244 47750
10244 47752
10244 47737
10244 47738
10244 47707
10244 59349
10244 10245
10245 47747
10245 61151
10248 14803
10248 47747
10248 47733
10248 45299
2057 12289
2057 12393
2057 12372
2057 12382
2057 12343
2057 4980
2057 35835
2057 12317
26636 5816
26636 5850
26636 11645
26636 26629
26636 7575
18445 4305
18445 27314
18445 49733
18445 23692
18445 39058
18445 12910
51215 26664
51215 43761
51215 7098
51215 3960
2064 46417
2064 35491
2064 54439
2064 39492
43029 39113
43029 6667
43029 61100
43029 63854
43029 61007
10262 12875
51228 49771
51228 136891
10270 10330
10270 3387
10270 10285
10270 5742
26659 12056
26659 14946
26659 7835
26659 25046
26659 4623
26663 44480
26663 52707
26663 11405
26664 61029
26664 73178
26664 62030
10281 4170
10281 3430
10281 45349
10285 3329
10285 10388
10285 5719
10285 10330
10285 7758
10286 4158
10286 3863
10286 5719
10286 5742
2096 7636
1715 38784
1715 4896
1715 25682
1715 1435
1715 24731
1715 2334
18487 15853
18487 10734
18488 12782
9908 5704
16735 436
2114 60808
2114 37080
2122 7748
2122 23574
2122 22399
10315 44480
10315 13793
10315 3335
10315 43761
10315 4733
10315 12255
2127 1910
10330 4102
10330 12136
10330 40826
10330 43852
10330 6270
26715 39128
26715 23357
26715 12431
34908 6538
2144 10960
2144 12432
2144 7717
2144 22798
26724 60361
26724 43628
26724 60262
26724 13181
51301 12648
22204 59929
22204 53491
22204 19157
22204 21601
10347 4029
10347 5709
51309 24772
51309 27125
51309 9284
51309 12133
26736 23856
26736 6817
26736 35491
26736 42644
26736 6677
26736 3782
26736 23864
26736 54441
26736 13523
26736 16302
34929 5444
34929 7492
34929 7711
3091 4076
2166 18757
2166 48616
2166 46842
26747 47732
26749 14803
26749 47733
7189 12661
7189 16344
7189 15994
26756 56656
26756 26758
26756 27663
23574 5878
23574 48023
23574 27400
23574 22399
23574 23549
23574 40879
26758 5814
26758 63988
26758 7610
26758 23692
26758 39046
100488 100994
100488 62005
100488 90537
100488 63097
100488 100986
100488 85019
100488 104087
100488 104380
100488 17215
100492 100513
100492 100498
100492 100523
100492 100516
100492 65413
100492 100507
100492 100508
100492 102005
100492 14990
100492 100495
10381 7246
26766 46961
26766 46978
26766 54355
26766 13254
26766 46934
26766 47095
100495 100513
100495 100523
100495 100516
100495 102005
100495 21377
100495 100508
100495 18940
100495 14990
100495 65413
10385 11187
10385 4029
100498 21377
100498 100508
100498 100516
100498 102005
100498 100502
100498 100513
100498 133977
100498 18940
100498 14990
10388 3632
10388 5690
10388 22630
10388 22631
26773 50165
26773 51084
26773 64554
26773 53388
100502 100507
100502 100523
100502 14990
100502 102005
134169 134163
134169 61380
26777 65297
26777 24216
100507 100513
100507 100516
100507 102005
100507 21377
100507 100523
100507 18940
100508 100513
100508 100516
100508 65413
100508 21377
100508 100523
100508 14990
100508 102005
100508 18940
7194 7080
10399 44345
108705 111272
108705 137249
108705 110874
108705 110879
85019 100994
85019 62005
85019 104087
85019 90537
85019 100986
85019 104539
85019 104380
85019 17215
100516 100513
100516 65413
100516 21377
100516 100523
100516 14990
100516 102005
100516 18940
51365 7459
51365 39795
100523 100513
100523 65413
100523 21377
100523 14990
100523 102005
51383 35097
51383 48395
51383 64990
51383 39542
51383 46903
75635 61425
75635 47285
75635 63030
75635 63000
75635 119769
75635 135420
75635 92941
2237 22839
12661 55970
12661 46739
12661 60838
12661 6551
12661 62565
27353 47747
27353 62973
10444 2588
10444 3636
2254 48864
2254 21413
2254 46750
35024 22976
35024 11730
35024 43764
35024 41134
35024 35529
35024 23768
35024 44349
35024 23406
26843 44280
26843 24076
26843 7860
26843 7127
84191 49360
84191 19793
84191 95506
84191 52611
84191 46022
84191 47960
1744 7272
1744 5948
1744 23589
26850 3992
26850 25046
26850 54733
2275 51482
2275 13732
35045 10818
35045 4709
35045 24194
35045 25551
2287 7859
2287 5380
2287 36053
2287 38840
51444 76121
51444 19055
51444 40865
26873 8723
26873 4319
26873 3755
26873 35309
27690 60808
27690 60838
23263 23257
23263 43770
23263 22951
26882 12056
26882 2297
10503 58018
10503 44934
10503 56678
100616 14456
100616 100628
2324 6493
2324 6647
4169 7689
4169 63834
4169 13310
4169 28255
26904 19504
26904 11171
26904 27117
26904 2407
35097 5521
35097 4358
35097 64990
51482 7024
51482 25046
51482 7080
51482 36249
51482 7997
51482 39536
76059 23632
76059 28373
76059 81118
76059 23615
2334 24731
2334 1435
2334 8159
100642 14456
100642 93209
100642 24203
100642 102518
2352 10968
2352 6940
2352 3214
18738 93314
18738 110195
18738 93529
18738 63003
18738 92941
18738 90927
48180 27882
48180 44423
2364 11972
2364 2365
2364 9182
2364 4901
2365 11972
2365 4901
2365 25468
18751 14186
18751 47135
18751 96329
18754 64528
18754 15853
18759 14065
18759 57791
18759 14073
35148 10706
35158 6489
35158 5978
35158 35294
35158 41134
2391 4820
2391 4589
76121 48395
34534 26512
34534 48385
34534 38710
34534 6936
34534 56201
34534 46908
34534 6988
2407 22115
2407 40101
2407 38840
2407 22956
26988 45763
26988 39702
26988 39022
10606 6016
10606 4914
10606 35494
10606 4490
10606 4379
10606 3772
10606 24269
43376 2582
43376 40105
43376 21322
43376 3821
43376 16254
43376 52138
403 4013
403 3983
403 6002
403 3579
403 6428
403 5258
43380 7518
35190 24098
35190 58548
35190 46746
2425 3981
51584 56620
59778 14542
59778 5893
59778 59790
59778 2584
59778 5067
59778 15390
59778 43423
51587 14159
51587 21458
27013 44480
27013 52707
27013 29006
23617 6148
23617 4631
108940 93088
108940 133973
108940 52986
108940 105887
59790 19504
59790 4584
59790 4571
59790 15390
44099 62168
44099 30535
44099 48616
44099 27884
44099 48173
44099 23790
27029 7062
27029 21430
27029 40105
27029 6938
2455 4195
2455 542
2455 22590
43423 5264
43423 36017
43423 40452
43423 6757
43423 13575
43423 15390
43423 11791
35233 11744
35233 3050
35233 44934
35233 11645
35233 23406
76212 60483
76212 16835
92597 93569
92597 101634
92597 62117
92597 55625
43447 35555
43447 47747
43447 35576
43447 61578
43447 60867
43447 20383
48638 12960
48638 7128
1781 52138
1781 44349
1781 23414
1781 7309
38646 23686
35272 6497
35272 6483
35272 6469
35272 40470
35272 7617
35272 6475
1435 25065
1435 2582
10706 6947
10706 27927
10706 48989
18901 60945
18901 61578
18901 47750
10710 53905
10710 18978
10710 55254
10710 4358
10710 27692
10710 19389
14073 14065
14073 13876
14073 22088
14073 21785
14073 57868
2522 5258
2522 4427
2522 3579
35294 13376
35294 87881
2529 10643
2529 47493
2529 36319
10723 60816
10723 46835
10723 27927
10723 27882
10723 10733
10723 4047
10727 46835
10727 6551
10727 84729
10727 46746
10727 10734
43497 3292
43497 5850
43497 12108
43497 7412
27116 19504
27116 40858
27116 11878
35309 35316
35309 35350
35309 23831
35309 35348
35309 35374
35309 35327
2542 6656
2542 39259
35312 15053
35312 35316
35312 19637
35312 35348
35312 35372
35312 58605
35312 22190
35316 35348
35316 19637
35316 35350
35316 23828
35316 35372
35316 15053
35316 22190
43509 77509
43509 37511
43509 12042
43509 36910
43509 55903
27126 7092
27126 27125
27126 52554
27126 52555
27126 52538
27126 24181
27127 21716
27127 24181
27127 52550
27127 52551
27127 27128
27127 52554
27127 36203
27127 7246
27127 27125
27128 7092
27128 24181
27128 27125
51705 39433
51705 40699
51705 13054
51705 63054
51705 7589
18938 55761
18938 7838
18940 21377
18940 102005
18940 14990
18940 65413
10749 40867
2558 3344
2558 11327
2558 44423
35327 56752
35327 35348
35327 23831
2561 4552
2561 4584
2561 7891
27150 60483
27150 27815
27150 47949
27150 16835
27150 12047
10767 10766
10767 10808
10767 5626
10767 10779
10767 10782
10767 5541
10770 10801
10770 35768
10770 10807
10770 4728
10770 12025
35348 35350
35348 35372
35348 22190
12361 12330
12361 12402
12361 12372
12361 12318
12361 12345
12361 12314
12361 12413
12361 12383
2584 38788
2584 56678
2584 13575
59929 12632
59929 7127
10779 12486
10779 10807
2588 4729
2588 48156
89178 31600
10782 10807
10782 61066
10782 73098
10795 10808
10795 10818
10795 10807
35372 15053
35372 58605
35372 22190
35372 27885
35372 19637
35372 35350
5815 5384
5815 6672
5815 5380
5815 5358
5815 5366
35374 13536
35374 23828
35374 35350
35374 23831
27187 7478
27187 37670
27187 46022
27187 40328
27187 39531
27187 28302
27187 65039
10807 63959
10807 10938
10808 7271
436 11280
436 14483
436 24023
436 14542
10818 4728
10818 25551
438 10643
438 5709
438 24029
27208 2209
27208 28230
27208 48166
2633 3816
2633 11674
2633 6414
2633 38191
43599 43664
43599 41592
43599 61526
43599 11871
43609 43619
43609 23683
43609 40328
43609 60281
43609 43651
43619 25137
43619 60332
43619 43589
27240 55737
27240 7026
27240 31769
35434 102680
35434 81577
35434 84858
35434 3453
35435 23300
35435 7766
43628 40328
43628 25137
43628 28119
34579 39407
43638 40328
43638 60332
43638 12091
43638 60348
43638 55903
43639 47969
43639 20610
43639 60483
43639 46022
43639 65032
43639 22130
43639 12058
43639 12047
43640 22130
43641 39376
43641 48438
100986 100994
100986 104539
100986 104380
100986 17215
57791 13254
57791 47096
57791 57868
2690 2973
43651 22130
43651 43653
43651 60343
43651 12056
43651 13018
43651 28119
43651 19884
43651 28122
43651 23573
43653 60273
43653 60473
43653 60343
43653 28119
43653 19884
19081 16084
51851 3380
51851 12836
51851 4029
35471 65528
35471 40161
35471 40018
35471 7556
35471 54733
43664 41592
43664 24076
43664 61526
43664 11871
42644 35491
42644 35461
42644 54441
42644 13514
42644 35501
42644 16302
42644 23856
42644 13523
42644 22894
42644 23864
42644 40123
16835 20610
16835 47870
16835 65039
10907 4637
10907 6390
10907 22839
35489 23832
35489 23647
35489 5435
35489 54733
35489 20973
35491 23856
35491 39492
35491 35461
35491 54439
35491 13514
35491 13516
35491 7791
35491 13523
35491 23864
19109 60961
19109 60963
19109 60933
19109 60969
19109 60937
19109 60970
19109 28461
35494 39849
35494 4586
35494 40358
35494 40583
35501 6016
35501 23856
35501 13523
35501 23864
35501 54441
35501 3098
35501 13514
35501 16147
27314 77509
10938 4307
10938 11797
10938 6677
10015 10022
10015 45985
10015 9182
2749 3237
2749 12005
2749 19161
2749 4953
2749 22876
27333 4052
27333 6942
2758 3723
2759 6613
35529 6593
35529 11730
35529 41134
35529 43770
35529 9356
35529 5978
35529 23406
35529 6447
10960 6428
10960 13516
10960 22894
10962 6736
10962 22951
10962 11427
10962 44280
10962 21150
19157 6936
19157 21601
19157 53491
10968 12402
10968 12341
10968 681
10968 35835
19161 12005
19161 3237
19161 4953
19161 11818
19161 22876
10971 5107
10971 4307
10971 5105
35550 62662
35550 11713
35550 4120
35550 43770
35550 22418
35550 41134
35550 12255
90576 62829
35555 47696
35555 49795
35555 62980
35555 47732
35555 20669
35555 6574
10022 4208
10022 4195
10022 4196
10022 25239
10022 21322
10989 6574
46466 15863
43761 13793
43761 38840
43761 5945
43761 12186
43761 542
35571 110076
43764 6593
43764 11719
43764 5672
43764 23768
35573 69440
35573 69427
35573 69429
35573 62087
35573 69465
35576 28373
84729 47201
84729 60808
84729 56789
84729 37080
43770 6593
43770 3077
43770 38840
43770 5978
35579 35586
35579 62645
35579 61209
35579 38201
35579 61164
2814 4676
2814 3335
2814 35674
2814 5035
43777 3858
43777 11668
43777 39702
43777 4729
43777 4172
43777 7309
35586 11354
35586 47686
35586 11770
35586 64334
11011 68424
11011 11057
11011 61562
11011 61588
92932 92955
92932 61588
92932 69758
92932 62087
25046 7024
25046 16254
25046 65039
43784 55207
43784 39433
43784 21322
43784 23726
35595 61164
35595 61281
11020 11056
11020 11073
11020 7523
11020 93209
11020 93211
92941 63030
92941 119769
92941 63003
92941 135420
92941 93314
92941 69758
51983 11713
51983 44178
51983 23299
51983 11723
51983 7618
51983 22366
51989 20545
51989 40758
51989 25345
51989 11210
133911 104158
92955 61425
92955 64371
92955 69758
92955 52662
92955 62923
92955 31086
35612 47738
35612 61164
35612 47678
35612 27455
92964 93569
92964 93314
92964 110195
92964 63015
92964 90699
92964 119769
92964 29451
92964 28381
92964 55625
92964 119997
11045 11056
11045 11073
11045 47752
11045 90720
62835 47747
62835 28279
11056 11073
11056 14436
11056 11063
11056 6574
11057 61177
27446 23666
11063 62798
60216 28770
60216 35647
60216 106138
60216 62087
35643 62912
35643 61585
35644 47697
35644 60866
35644 61236
35644 47732
35644 46780
35645 10197
35645 64326
35645 35647
27455 47741
27455 63015
11073 63030
11073 6574
2885 6121
2885 6122
2885 6131
2885 4831
27463 3624
27463 13348
27463 4102
27463 3694
7308 7106
43852 6593
43852 13348
43852 11558
43852 12159
43852 3900
43852 40826
43852 7391
2894 11460
2894 12317
76628 59368
76628 61360
76628 62087
133973 93088
133973 93108
133973 52986
133973 105887
133977 136864
133977 104633
133977 104617
133977 136874
133977 136891
133977 136866
133977 136861
35674 3344
35674 551
11100 6400
11100 4628
11100 23257
11100 46408
11100 6377
11103 37707
11103 5004
11103 3663
43873 19504
43873 12342
84834 46939
84834 57894
84834 69859
2917 13538
2917 15842
60262 60273
60262 14709
60262 60361
60262 48420
60262 28122
60262 60473
60262 37405
5948 40240
5948 3703
5948 7272
5948 3773
5948 47486
101228 102487
101228 104633
101228 136861
101228 101230
44178 5632
44178 23299
44178 12486
44178 63834
44178 7575
44178 6460
44178 22366
101230 136864
101230 136866
101230 136891
101230 104617
101230 104633
101230 102487
101230 136861
60273 48420
60273 60361
60273 60473
60273 28122
60273 19884
60273 37405
60273 14709
84851 21284
84851 102680
84851 81577
84851 84858
84851 31485
60276 25137
60276 60343
60276 28119
60276 37202
25065 40157
25065 7910
25065 11791
60281 13181
60281 60343
84858 48384
84858 21284
84858 102680
84858 81577
84858 102684
84858 39331
84858 63582
84858 31485
11749 20944
11749 6449
11749 52436
11749 4358
68486 11457
68486 110195
68486 62836
68486 61589
68486 62662
68486 14436
68486 62923
68486 90652
68486 119997
60295 37202
60295 19884
20973 5435
20973 12262
2962 44280
2962 22496
2962 40122
2962 23606
38723 48385
38723 48388
38723 44772
38723 39452
38723 48409
38723 4457
27544 46947
27544 22009
27544 54378
27544 80043
27544 47002
27545 55792
27545 31769
2973 8723
2973 4601
2973 15819
2973 24351
10053 4136
10053 3663
93088 93108
93088 119896
93088 28187
93088 52986
11171 4784
11171 5210
27558 81384
27558 21758
27559 48432
27559 48402
27559 47288
27559 48394
27559 47339
27559 48396
101385 48708
101385 62069
52138 11186
52138 44349
60332 28119
60332 60343
60332 55903
11186 3575
11186 52549
11186 11878
11187 3712
11187 3672
11187 3595
93108 105887
11190 11389
11190 22159
60343 40328
60343 25137
60343 28119
35768 45331
35768 7749
60348 60473
60348 36910
19389 62564
19389 27692
19389 48173
19389 55254
19389 24269
27585 39969
27585 48647
3016 6101
3016 13401
3016 3098
3016 13708
3016 6122
3016 6414
3016 39871
60361 14709
60361 60473
60361 48420
60361 28122
60361 12091
60361 23573
60361 13018
60361 37405
11210 4570
3021 52176
3021 5771
3021 4637
3021 12711
3022 3090
3022 11558
3022 3900
3022 4156
3022 3726
52176 24772
52176 3772
1871 56070
1871 46760
1871 14537
1871 15994
1871 55550
27619 48864
27619 66340
27619 62166
27619 7080
27619 28859
27619 27692
3050 6287
25116 4049
25116 28255
25116 5929
137044 104611
137044 136900
137044 137189
137044 137042
137044 103956
137044 103959
137044 136889
137044 104602
137044 110427
35835 12289
35835 44419
35835 23557
35835 12394
35835 12317
47021 21785
47021 26292
47021 46943
27663 56656
27663 23692
27663 39046
11280 5455
11280 24023
3090 20545
3090 7395
3090 7396
3090 3566
3090 11558
3090 56263
3090 4156
3090 3781
19478 12782
19478 7695
68631 103961
68631 137189
68631 114703
68631 137075
68631 103956
68631 103934
68631 110422
68631 136887
68631 137145
68631 103963
68631 108511
93209 164599
93209 100628
93209 93211
93209 104158
3098 46417
3098 3652
3098 3782
93211 100628
93211 164599
93211 104174
93211 90652
27692 39826
85037 61109
85037 29423
85037 31614
26461 13057
26461 22513
19504 5232
19504 6270
19504 6223
19506 46835
19506 56070
19506 48839
52275 21640
52275 45361
52275 52276
52275 36095
52276 21640
52276 45361
60473 48420
60473 28122
60473 37405
60473 14709
10197 47747
60483 49360
60483 47969
60483 68898
60483 27815
60483 47960
60483 65039
3141 3652
68681 21024
68681 62082
68681 61978
68681 73178
68681 62014
68689 60986
68689 61054
68689 54022
68689 68695
68689 36665
68689 61978
68689 54012
68689 62014
104291 104272
104291 61529
104291 46903
104291 64999
68695 61978
68695 54012
68695 61038
11354 94233
11354 14436
11354 11770
11354 64334
621 1748
621 46534
621 46519
28772 95185
28772 95044
27757 56592
27757 22088
27757 13884
27758 13944
27758 27759
27759 13944
27759 46940
27759 47005
8723 7748
8723 24494
68726 63842
68726 38468
68726 61109
68726 61978
68726 61034
68726 63074
11385 63505
11385 3557
11389 22801
11389 12431
11389 12429
11389 22159
4629 3992
4629 68975
93314 110195
93314 93529
93314 63003
93314 90927
3203 6024
3203 22115
11405 44480
11405 8180
11405 551
11405 29006
3214 12370
3214 5940
26477 28095
11409 12136
52370 23994
11427 24188
3237 12005
3237 4953
3237 22876
27815 49360
27815 19793
27815 47960
27815 23727
90652 10189
90652 47708
90652 28381
90652 119997
52397 69440
52397 61360
52397 47733
52397 12729
37405 48420
37405 14709
37405 28122
37405 12091
36017 5264
36017 22833
36017 6692
36017 13575
36017 40452
36017 15390
42867 23828
27829 38672
27829 7168
27829 6931
27829 38710
27834 39849
27834 7701
27834 4094
27834 23327
11455 5816
11455 5549
11455 7478
27840 73456
27840 30657
27840 73460
27840 73463
27840 73465
27840 73452
27840 87951
52418 3914
52418 12875
52418 2367
11460 272
11460 10898
11460 11878
11460 6428
1910 5360
1910 5316
1910 4645
1910 5816
1910 5356
11463 5658
19665 7824
19665 4004
19665 21226
19665 4267
19665 5908
52434 39376
52434 39452
52434 46517
52434 52439
3283 57868
52436 48395
52436 48388
52436 23686
52436 39865
52436 7835
52436 46734
36053 22449
36053 6692
36053 12041
36053 4141
36053 12270
52439 12996
52439 48388
52439 48409
52439 39452
52439 46493
25124 11791
3292 47294
3292 6926
3292 40311
12837 63092
12837 73098
57894 69859
57894 54202
27879 55970
27879 48612
27879 36248
27882 6947
27882 7128
27882 10733
551 3344
551 4729
27884 21894
27884 46823
27884 23790
27885 19637
27885 35350
27885 22190
27885 58605
52465 48409
52465 15383
52465 12996
52465 48831
11508 22967
11508 24023
11508 4302
11508 23339
11508 14542
44280 7636
27897 23494
27897 48023
27897 7705
27897 23646
27897 22399
36091 40890
36091 27117
36095 5433
38784 7826
38784 4391
38784 4093
101634 101640
101634 47407
3335 3380
101640 46780
101640 28770
11529 6428
11529 55365
164599 136864
164599 104633
164599 102487
164599 136861
3344 22097
3344 12628
27927 5923
27927 48989
3353 13792
3353 13737
3353 6131
3353 6908
3353 13725
29231 30657
29231 44356
29231 3653
29231 63177
29231 26763
29231 29232
29231 73460
29231 73463
29231 73465
29231 73456
36128 6200
36128 6186
36128 4637
68898 47960
68898 19793
68898 65032
68898 2297
68898 47978
68898 23727
11558 13463
11558 3741
8753 6480
8753 5265
8753 40634
8753 7672
3380 45349
3383 52707
23299 13538
23299 22366
23299 63676
23299 7618
44345 5265
44345 3726
52538 52555
52538 27125
52538 52554
52538 36203
52538 24181
3295 22936
44349 40771
27966 94739
27966 23475
27966 40758
27966 105015
36159 47504
36159 47809
36159 11667
36159 36165
36159 47447
36159 6200
36159 6076
11585 4606
51083 64528
51083 50164
51083 26767
44356 73456
44356 73460
44356 3653
44356 73463
44356 37020
44356 26763
44356 73452
44356 73465
44356 87951
52549 22866
52550 52561
52550 24181
52550 27125
52550 45734
40161 40018
40161 7556
40161 54733
51084 64528
51084 64490
51084 53388
52554 36203
52554 21716
52554 27125
52554 52555
52555 21716
52555 27125
52555 36203
52561 45734
27987 86495
6933 3992
6933 7080
93529 47841
93529 63003
93529 28381
62010 63842
62010 38468
62010 63869
11616 4896
11616 6406
11616 47650
11616 12342
11616 39388
18320 48388
18320 15383
18320 20938
18320 46493
18320 48831
3430 6685
3430 4158
36203 27125
36203 52551
36203 5893
11628 12432
11628 44835
11628 11889
68975 12486
68975 4405
26515 38672
26515 48385
26515 22610
26515 26512
26515 6988
4670 22739
4670 3764
4670 4774
4670 4715
4670 4733
4670 4655
36216 65528
36216 7865
36216 7556
3453 39241
3453 23681
36222 26512
36222 25345
93569 62117
93569 55625
93569 62106
93569 29451
93569 61343
44418 38201
44419 5816
44419 3663
66113 48432
66113 46734
66113 69398
66113 48375
66113 48366
60808 37080
60808 62565
60808 23720
60816 56789
3473 7395
3473 4102
3473 3959
11667 11674
48366 69398
48366 48375
48366 47288
48366 48394
48366 48396
48366 39757
48366 48415
36248 48385
36248 6988
36249 39849
36249 47294
11674 23632
11674 4052
11674 6365
19869 4520
19869 6225
19869 40122
19869 2707
49733 77509
49733 13944
49733 49881
49733 7246
60838 7488
60838 61847
60838 48989
11689 4403
11689 3703
11689 46108
11689 23615
19884 60282
19884 12056
52662 28630
52662 69758
52662 31086
52662 31085
65039 49360
65039 37670
65039 3992
65039 28302
3663 3675
3663 3933
3663 3758
3663 5951
11707 22907
11707 22917
28095 48320
28095 13538
28095 39702
28095 6871
28095 7821
44480 4867
44480 8180
44480 2587
44480 29006
11713 3568
11713 6817
11713 3970
11713 34501
11713 4054
11713 39128
11713 23338
11713 23356
60866 28225
60866 28630
60866 46839
60866 46780
60866 64358
60866 16333
60867 61409
60867 47750
11719 3772
11719 37707
11719 6619
11723 11784
11730 23768
11730 3755
11029 62117
11029 78408
11029 55625
11029 62106
11029 61343
28119 25137
28119 55903
28119 43589
3546 4307
3546 40452
3546 13575
3546 40459
101852 104611
101852 110427
36319 25239
36319 15944
36319 46780
36319 48396
11744 20768
11744 40402
11744 7478
52707 29006
3557 5170
3557 6092
5574 4034
5574 5649
5574 5580
5574 6717
3566 7393
3566 5170
3566 7396
3566 4031
3566 7395
3566 4427
3566 4733
3566 7391
3568 46274
3568 39251
3568 6817
3568 5580
3568 23338
3568 23356
3568 23357
3568 40157
25171 12025
3574 7059
3574 4743
3574 5433
3574 39898
3574 63676
3575 13536
3575 7891
3575 23639
11770 61209
11770 64334
3579 7393
3579 7672
3579 3741
60933 60945
60933 60963
60933 110625
60933 60969
60933 60937
60933 60970
60933 60961
60933 28461
60933 60983
3590 7106
3590 7482
3590 22917
3329 3959
3592 5722
60937 21920
60937 60945
60937 60963
60937 110625
60937 60961
60937 60969
60937 60970
60937 60983
60937 28461
27125 23652
27125 21716
27125 24181
28175 61093
28175 90550
28175 61002
28175 61082
28175 61054
60945 21920
60945 110625
60945 60963
60945 60983
60945 60970
60945 60961
60945 28461
23811 2209
23811 62798
23811 47285
11797 6480
11797 5649
11797 3781
11797 5382
11797 6613
3606 3667
3606 5908
3606 6446
3606 39302
3606 7239
3606 4004
3606 49052
3606 49054
46493 48388
46493 15383
46493 48392
46493 7610
48388 48409
48388 48831
44573 6225
44573 2707
101919 18640
101919 101921
101919 101954
101919 101953
101919 31455
3616 3994
3616 4013
101921 18640
101921 101953
101921 101954
101921 101950
101921 31455
60963 21920
60963 110625
60963 60969
60963 60961
60963 28461
60963 60983
11812 7705
11812 6411
11812 4710
3621 5634
3621 5533
3621 4141
3621 4882
3624 7393
3624 5170
3624 14962
3624 7695
60969 60961
60969 60970
60969 28461
60970 60961
60970 60983
11825 4676
11825 4953
11825 6411
11825 4715
11825 15421
3636 6226
3636 639
60983 21920
60983 110625
60983 60961
60983 28461
11832 11818
11832 39773
60986 62069
36412 37707
36412 47510
48394 48432
48394 52872
48394 48402
48394 47319
48394 69398
48394 47288
48394 69390
48394 19051
48394 48396
101950 18640
101950 137249
101950 101953
101950 111272
101950 104609
101950 108511
101950 171297
101950 31455
28225 24203
28225 61164
101954 18640
101954 101953
101954 31455
3652 7809
3652 5522
3652 4584
3652 4552
3652 38664
60997 61007
60997 53139
60997 63854
60997 45751
28230 48320
61002 62036
61002 62023
61002 61003
61002 13175
61003 63842
61003 62036
61003 48708
61003 61981
3660 4013
3660 7758
11853 10801
11853 45331
27400 63582
61007 53185
61007 61109
61007 54022
61007 39113
61007 61034
61007 61981
61007 63854
3666 3764
3666 3667
3666 3772
3667 3764
26616 7749
26616 23726
20055 24216
20055 15994
20055 56103
3672 5603
3672 7413
3672 51855
61018 61066
61018 21332
61018 61997
61018 61054
3675 45347
3675 22917
3675 3910
3675 22920
3675 24731
11871 61526
11871 29606
11871 41592
11871 24076
11871 39021
11872 6996
61029 61072
61029 62059
61029 62030
118374 104158
118374 49800
118374 31085
118374 104174
6076 7059
6076 36165
6076 47809
61038 37297
61038 54012
61038 13175
11889 26849
11889 4754
11889 45763
11889 5893
11889 38967
11889 24475
11889 39022
11889 23727
61042 63074
61042 61045
61042 73153
110195 28385
110195 47752
110195 119769
110195 62923
110195 119997
110195 28381
102005 100513
102005 65413
102005 21377
102005 14990
61046 53185
61046 53139
61046 46161
61046 61051
61046 6667
61046 62030
28279 47734
28279 17123
28279 23890
28279 61182
28281 47707
28281 17123
61051 61100
61051 13566
61054 61072
61054 61100
3712 3932
3712 3868
3712 12159
3714 13348
3714 3781
3714 12159
3714 7455
4715 3764
4715 4774
4715 40459
4715 22798
4715 4655
52872 48402
52872 39542
52872 69398
52872 48396
52872 47282
52872 64990
52872 48415
3721 6131
3721 6119
61066 73098
61066 61045
3723 2330
28302 4181
28302 46022
28302 13463
23856 39492
23856 54439
23856 13514
23856 13516
23856 23864
23856 40123
23856 39388
23856 35461
61072 45751
61072 31614
61072 63854
61079 47218
61079 61997
61082 98117
61082 90550
3741 3970
3741 45347
3741 7396
3741 3750
3741 4076
3741 5170
49771 16208
49771 104610
49771 104611
49771 104629
49771 104617
49771 49800
49771 104633
49771 104602
61093 63089
61093 63842
61093 98117
61093 90550
61093 13175
61093 73178
61093 54012
3750 4076
3750 3970
3755 4733
3755 7391
61100 52974
61100 6667
61100 7523
3758 4034
3758 4093
3758 38191
3764 4737
3764 4774
3764 6435
3764 4655
61109 37297
61109 38468
61109 90550
61109 63097
61109 62059
3768 4120
3768 3981
48415 48432
48415 69394
48415 48375
48415 47288
48415 48396
48415 39757
3772 7062
3772 8183
3772 7821
3773 3792
3773 4049
3773 4463
3774 4427
3774 7391
62069 48708
11972 23726
3781 5649
3781 7396
3781 4427
3781 7391
3782 25345
3782 13523
3782 24475
3782 13514
36551 54478
36551 54461
36551 65342
28361 39128
28361 23356
28362 97463
28362 40879
10189 59349
3792 22132
3792 4052
3792 6414
41592 28724
41592 29606
41592 77832
41592 48154
41592 24076
41592 39021
28373 81118
3802 3960
3802 4049
3802 28427
3802 5694
28381 62117
28381 47737
28381 61547
28381 119997
28381 90927
28385 119769
28385 86495
44772 46903
12005 4953
12005 22876
11973 54476
11973 54479
11973 54467
11973 4725
11973 27420
11973 54461
11973 54495
3816 7829
3816 3933
3816 5941
61164 61281
61164 46744
61164 46839
52974 100994
43589 37202
12023 39969
12023 4628
61177 61589
52986 105887
639 47009
639 47002
639 47005
639 4847
61182 62130
59349 38201
59349 63020
4736 4915
4736 4739
4736 5210
4736 40867
4736 40858
4736 40909
12036 12083
12036 46022
12036 37670
12036 65032
12036 12058
12036 12091
12036 4026
12036 4141
12036 23727
28421 45393
28421 22421
28421 5433
28421 4027
12041 5264
12041 23057
12041 4515
12041 7412
12041 12270
12042 47969
12042 12093
28427 40105
28427 15819
28427 40402
69390 40865
69390 69394
69390 46903
12047 49360
12047 46022
12047 12058
69394 47288
69394 69398
49795 61412
49795 110534
49795 23880
49795 61547
49795 62829
49795 47743
69398 47339
69398 48396
69398 39757
69398 39542
69398 47319
69398 47288
69398 48375
3863 12152
3863 12216
3863 3694
12056 2297
12056 28122
61209 6574
61209 64342
12058 44907
12058 13181
3868 3994
3868 3932
3868 4102
3868 4047
54958 23696
54958 7518
105776 61590
3874 13376
3874 4102
3874 12216
44835 4049
44835 45331
44835 5588
44835 6792
44835 6202
61221 61547
100513 21377
37511 46770
28461 21920
28461 110625
28461 60961
49800 137249
49800 136866
49800 104617
49800 104629
49800 104633
49800 136916
49800 104158
69427 64360
69427 69465
69427 56812
69427 69429
61236 54937
69429 64360
69429 69465
36665 63092
36665 63869
36665 46161
108511 137075
108511 103934
108511 110422
108511 103945
108511 137189
3900 12133
3900 4156
12093 47969
12093 4026
12093 23727
61247 53196
61247 61409
61247 28201
61247 61303
61247 61257
61247 61262
69440 61360
22496 25345
22496 4586
22496 7662
61251 28201
61251 61259
61251 90927
3910 4120
3910 4181
3910 40909
61257 61409
61257 61303
61257 61351
61257 61547
61257 53196
61257 61262
3914 61904
3914 39331
3914 23678
3914 40771
3914 5070
61259 61380
61259 28201
61259 47707
61262 53196
61262 61303
34501 63093
34501 6441
110422 137075
110422 103959
53491 19793
53491 21601
110427 136864
110427 136900
110427 136916
3932 45347
3932 12185
3932 12133
3933 5929
3933 6092
3933 8183
6117 6099
6117 6146
6117 6150
61281 61562
3387 3632
12133 13378
12133 24772
12133 4013
12133 12185
12133 6893
12136 40826
12136 4959
44907 6656
44907 14467
44907 23686
44907 4571
44907 13181
3949 4737
3949 4655
60733 110534
53324 47201
53324 56103
53324 15994
53324 48845
53324 65361
59368 47707
59368 14803
61303 61409
61303 61380
61303 23880
61304 86495
12159 22115
12159 40826
12159 3694
3970 24029
44934 7271
44934 7413
12169 4515
25239 45985
25239 4284
3981 23666
3981 25811
681 12289
681 12402
681 12323
681 12345
681 12314
681 12403
681 12317
3986 6016
3395 9542
3395 7826
3992 16254
12185 13378
12185 45393
12185 56201
12185 24731
3995 23683
3995 29606
61343 47696
61343 62106
61343 63003
61343 62973
61343 62117
4004 39302
4004 7749
2033 13378
2033 5527
2033 4073
2033 45427
52551 24181
4013 12233
4013 3805
4014 5945
4014 5850
4014 23698
61360 61409
61360 47733
61360 47750
4017 4737
4018 23257
12216 13376
12216 22630
12216 12152
4027 22119
4027 7829
61372 28201
4029 39259
4029 6375
4031 46274
4031 12233
53185 13828
53185 62005
53185 48708
53185 16124
4034 6938
4034 4094
61380 90927
114703 136891
114703 137042
114703 136883
114703 136889
114703 103963
114703 136890
114703 110879
12233 22281
12233 4439
12234 45393
12234 45347
12234 13348
12234 5050
47095 13057
47095 23828
47095 13254
47095 46961
53196 61409
4047 4694
4047 4102
4047 39832
4047 6939
2209 12552
2209 4985
4049 24009
4049 23642
4049 23071
4049 6414
4052 39542
28630 46744
28630 20669
28631 64358
28631 62645
28631 81118
12255 40358
12255 7062
12255 12615
12255 4093
61409 47696
61409 61588
61409 47732
61412 61585
61412 47700
61412 47685
61412 45299
4774 4655
12262 4093
12262 7062
12262 22375
19793 38672
4076 22281
4076 4158
4076 5549
12270 6692
61425 47285
61425 63030
61425 119769
61425 31086
25257 13530
25257 6908
25257 12402
12280 12304
12280 12402
12280 12371
12280 12343
12280 12413
12280 12383
4092 6092
4092 4054
4093 7059
4094 29178
12289 12391
12289 12394
12289 12317
12289 7032
12289 12402
12289 12403
12289 12343
12289 12376
12289 12314
12289 12318
12293 39552
12293 21226
4102 13348
4102 5050
77832 61526
77832 29606
77832 48154
77832 24076
77832 39021
77832 23686
12304 12402
12304 12343
12304 37020
12304 12413
12304 12318
4120 16158
4120 5960
4120 6942
12314 12323
12314 12343
12314 12376
12314 12402
12314 12371
12314 7032
12314 12413
12314 12383
12317 12391
12317 12330
12317 12370
12317 12402
12317 12403
12317 7032
12317 6940
12318 12371
12318 12372
12318 12345
12318 12343
12318 12413
12318 12383
26629 5816
110625 21920
110625 60961
12323 12372
12323 12341
12323 12330
12323 12345
4136 4891
4136 22980
4136 39822
12330 12391
12330 7032
12330 12382
4141 4882
36910 25821
28724 48154
28724 24076
28724 61526
28724 29606
12341 40330
12342 21150
12343 12394
12343 12370
12343 12402
12343 12376
12343 12345
12343 12383
12345 12402
12345 12376
12345 12393
4156 7911
4156 22281
4158 4172
28736 22418
20545 39251
10252 38840
10252 39898
10252 6942
4170 40774
4172 3858
4172 39702
4172 22936
36941 23639
36941 7973
12370 12376
12370 12391
12370 12394
12371 12372
12371 5544
12372 12393
12372 12394
12372 7032
12372 12402
12372 12376
12372 12403
12372 12383
4181 24010
61526 29606
61526 48154
61526 24076
102487 136867
102487 102518
102487 104158
12376 12394
12376 12402
12376 12403
12376 7032
61529 46903
61529 97463
12382 12393
12383 7032
12383 12394
12383 12413
12385 13683
28770 62870
28770 62087
28770 21207
28770 35647
4195 4284
4196 4208
4196 4204
4196 22597
4200 6549
12393 7032
12393 6940
12394 12403
12394 6940
12394 7032
61547 26228
61547 47686
61547 61351
61547 23880
4204 4216
4208 22590
12402 12413
12403 7032
102518 100628
4216 22590
61562 62980
61562 54937
61562 20669
61562 6574
12413 7032
69758 135420
69758 31086
69758 31085
12416 4915
12416 4676
12416 4645
12416 5286
12416 5210
12416 40858
12416 5230
12416 12431
20610 48320
20610 46022
20610 25551
20610 47949
20610 55758
20610 47871
4228 22976
4228 22097
4228 22980
4228 7696
4228 22119
4228 6736
4228 4601
12424 22801
12424 3448
12424 12431
12424 12429
12424 22159
61578 16210
53388 64490
53388 39747
12429 22801
12429 12431
12429 22159
12431 3448
12432 46801
12432 7319
12432 6349
61585 47700
61585 47741
61589 12729
61589 16210
61590 47724
61590 47741
4248 6498
4248 6494
4248 5114
4248 4269
37020 6379
4256 5316
4256 6807
4256 5674
4256 4269
4256 6063
27420 54467
27420 54476
27420 54461
4267 21226
4267 4631
4269 5114
28856 29232
28856 5521
28856 7860
28856 26763
28859 62166
28859 62168
28859 7997
90537 100994
90537 104539
90537 95185
90537 87881
90537 63089
90537 104087
90537 104380
90537 17215
28867 2297
28867 60282
28867 12110
28867 25821
40311 22833
40311 4626
40311 11878
4302 22967
4302 22120
4302 6425
4302 22956
4302 22119
4305 49881
4305 39058
4305 39407
4307 6119
4307 6425
4307 13514
4307 6428
4307 6063
37080 46823
4319 21207
69859 14128
69859 14256
12523 272
12523 6148
12523 13725
11645 4914
11645 5978
11645 5941
45299 37702
45299 23880
135420 63030
135420 64360
135420 119769
135420 31086
135420 31085
4358 20944
4358 5521
4358 53818
4367 5351
4367 6493
45331 5573
45331 38982
45331 4721
45331 5588
45331 4694
45331 4601
45331 39898
45331 22435
49881 39058
49881 77509
49881 39407
102680 39331
102680 81577
102680 102684
102680 31485
110874 171297
110874 110879
4379 4882
102684 48384
102684 81577
102684 31485
110879 137042
110879 108709
110879 103959
110879 111272
4386 5382
4386 6486
4386 5129
4386 5096
4386 6489
4386 6458
4386 6613
45347 45393
45347 5941
4391 7689
4391 7808
4391 7826
4393 7689
4393 7395
4393 4469
4393 7589
44423 15845
45361 21640
45361 40165
4403 39652
4405 4427
4405 4980
136856 137249
136856 104610
136856 104611
136856 108709
136856 111275
136856 111272
136856 136874
136856 104619
136856 104629
136856 104599
136856 104602
12615 56752
4426 5672
4426 5382
4426 8086
4426 4463
4427 7393
4427 7395
4427 7396
4427 5170
4427 7391
4427 5850
45393 13378
45393 7309
37202 60282
37202 55903
17123 47724
17123 47750
12628 40122
12628 47724
4439 5265
4439 7589
4439 24269
12632 1568
12632 12026
2330 4914
2330 8159
12648 94737
12648 12783
12648 81181
4457 8086
57868 14065
57868 78810
57868 14190
4463 8086
45427 39938
45427 23247
45427 7716
45427 29484
4469 7848
4490 5528
4493 5544
4496 5360
4496 6792
4496 22739
4496 10801
61847 48989
61847 65342
55365 22132
55365 21284
4515 7427
4515 7413
4515 5528
4515 6489
4520 6225
4525 14483
9741 6340
9741 6652
9741 11838
70071 57828
12729 64371
12729 62087
2879 22803
4552 4584
20938 15383
20938 48831
23338 6817
23338 5658
23338 23357
20944 6449
4571 23639
86495 14456
86495 104158
4576 5544
4576 13514
4584 7809
4586 54733
4589 4626
4589 6339
12783 94739
12783 81181
4601 38982
4601 39849
4601 4628
4601 5990
4601 47447
29178 5816
29178 15146
4606 6339
4606 4820
4606 4710
4606 6692
4612 23522
4612 4628
4612 4631
25345 7144
25345 63391
4623 7824
4623 6828
94737 94739
94737 23475
94737 40758
94737 81181
4626 12025
94739 23475
4628 4817
4628 4632
4628 23812
4628 7024
4628 6196
61973 21024
61973 62082
61973 21332
61973 38468
61973 63092
61973 62059
61973 63869
12822 23698
4631 11818
4631 6365
4632 23522
61978 60994
61981 21024
61981 60994
61981 65158
21024 38468
21024 13175
4645 5203
4645 5235
4645 40871
4645 5232
4645 5210
4645 5229
4645 5215
21030 90550
21030 62036
21030 62023
21031 15994
21031 63636
61997 62006
29232 73465
29232 63177
29232 26763
62005 95044
62005 63097
62005 104380
62006 73153
53818 63177
53818 22980
4667 4709
4667 4719
4676 5286
4677 4722
4677 6677
4677 4694
4677 23994
78408 62091
78408 62973
12875 61904
12875 5990
12875 2367
4693 4721
90720 46929
90720 63020
90720 62970
23994 22597
4709 4722
4709 4728
4709 23356
4709 4719
4710 6667
62059 39113
12910 5035
4721 5573
4721 38982
4721 21207
4721 40282
4721 4722
4722 21207
21108 62106
4725 54467
4725 54461
4728 62970
4728 25551
4729 7144
4733 4737
4733 51855
53888 21430
53888 39969
53888 63599
4737 6807
62082 60994
62082 54022
62082 21413
4739 4915
4739 40867
13725 13744
13725 13763
13725 13785
13725 6563
62091 47732
62091 47752
62091 62980
62091 47738
62091 47743
56624 14065
56624 47096
56624 46990
53905 48147
53905 62564
53905 23790
62106 47696
62106 62117
62106 55625
62106 63003
96367 21785
96367 13876
96367 47093
96367 13884
21150 9284
21150 47871
12960 65361
12960 56070
12960 48839
4891 6092
111268 137249
111268 136867
111268 171297
111268 111272
111268 108709
62117 63015
62117 62859
111272 136867
111272 108709
111272 137249
111272 171297
111272 137145
111272 104602
111272 137189
111272 137029
111275 136867
111275 104611
111275 103959
111275 103945
111275 104619
4784 22375
45751 62970
45751 63854
12996 15383
12996 39452
12996 48831
15820 53139
4817 3632
4817 6947
4820 6339
62166 66340
62166 55254
21207 62970
21207 106138
62168 65297
62168 48147
62168 103464
62168 48173
4831 27041
4831 6099
4831 6131
4834 6099
21226 23522
21226 16147
21226 14078
4847 9284
40240 55814
40240 55738
40240 7838
40240 23557
45819 12026
45819 23642
54012 90550
13054 63054
13054 23692
13054 23300
13054 7246
13057 23698
13057 22513
4867 8180
54022 65158
54022 13175
54022 63097
29451 119997
4882 5634
90927 47737
90927 47738
90927 63003
28122 48420
28122 14709
28122 2297
4896 6936
4896 6893
21283 39331
21283 63582
21284 45985
21284 39331
21284 6915
29484 5993
29484 7716
4914 24009
4914 41134
4914 11791
4915 40867
4915 40858
4915 40909
4923 2707
26763 73456
26763 3653
26763 63177
95044 95185
37702 3944
37702 61351
37702 64334
37702 47407
21322 6986
21322 9182
21332 7748
4952 23716
4952 7997
4953 7492
4953 22876
4953 24076
26767 64528
26767 50165
26767 47846
26767 50164
26767 64554
4959 24029
4959 5742
4968 5444
4968 23646
4968 7910
4969 7459
4969 23414
62087 64358
81384 55778
81384 55608
81384 31769
81384 55562
81384 7026
81384 21758
4980 23339
4980 7163
99134 13876
99134 13862
99134 46961
99134 22008
99134 21785
99134 21967
99134 57828
99134 47135
13175 98117
4985 23606
4985 24447
17215 100994
17215 104087
17215 31614
104597 16208
104597 104610
104597 104599
104597 104633
104597 104602
104597 104158
21377 65413
21377 14990
5004 5544
5004 5632
5004 7826
5004 78891
13202 47846
13202 46835
13202 39865
13202 7163
45985 15845
21413 13828
29606 6848
29606 39021
5035 15382
5035 17734
5042 6352
5042 6388
5042 6375
21430 54467
21430 63000
21430 46767
5050 3694
24053 38840
24053 5348
24053 5356
46022 52611
46022 65032
46022 49360
46022 95506
5063 7808
5067 22839
13261 22088
13261 46961
13261 46043
13261 22513
5070 13536
95185 87881
5074 6489
5074 7459
5074 6458
5074 6593
5076 6672
5076 6792
5076 7459
5076 5358
119769 63030
119769 31086
119769 119997
78810 63456
78810 54355
78810 13254
46043 46961
46043 46978
108709 137249
108709 103959
108709 171297
5096 6491
5096 40470
5096 5129
5096 6461
5096 6483
5096 6486
5096 6587
5096 6620
5096 6493
5096 23491
13292 46990
13292 14190
5105 5107
5105 6647
5107 22449
5107 5577
5107 6647
5108 6463
5108 6498
5108 6483
5108 6486
5108 6475
5108 6493
5108 6494
7678 13732
13310 40758
13310 23713
80043 56592
80043 46961
80043 47064
80043 47005
80043 14319
5129 6494
46108 47294
13348 40826
103464 48661
103464 48616
103464 48173
78891 119896
5170 7393
5170 7396
54332 46934
54332 22009
54332 96329
104629 104610
104629 104611
104629 136874
104629 16208
104629 104602
13376 7391
3595 47282
3595 6828
3595 10643
15994 56103
15994 48631
15994 14537
54355 63456
54355 46801
54355 47093
13401 39552
13401 23864
13401 15819
13401 22365
13401 54814
5210 5203
5210 40871
5210 5235
5210 5215
5210 5230
5210 5229
11791 22833
13406 7829
13406 6061
13406 24447
5215 5203
5215 5235
5215 40871
5215 63805
62564 55254
62564 30535
62564 48173
62565 55550
21608 6225
21608 13683
54378 47154
5229 5232
5230 5286
5232 5203
5232 5235
5232 40871
5232 40858
5232 6122
5232 40894
5235 5203
5235 40871
5235 40867
5235 40858
48661 48864
48661 21894
48661 55254
3448 22159
24086 63391
24086 23557
24086 7838
5258 6270
5258 5384
5264 13575
5265 40699
5265 7404
13463 54814
5286 40867
54439 39492
54439 13514
54439 13516
54441 39492
54441 13514
54441 13516
54441 46417
54441 23864
54441 40123
54441 39871
5296 5719
62645 47697
62645 47738
14537 56103
14537 46767
119997 63020
46274 22954
46274 6938
46274 47486
54467 54476
54467 54461
54467 54495
5316 5358
62662 63000
60961 21920
54473 27419
54473 54476
54473 54478
54473 25811
54473 54495
13514 39492
13514 13516
13514 13523
13514 6677
13514 23864
13514 35461
13516 39492
13516 13523
13516 35461
54478 27419
54478 54461
54478 65342
54478 54495
54479 7217
54479 54476
54461 54476
54461 54495
13523 35461
13523 16302
13523 23864
13523 5626
13523 39871
21716 7092
21716 24181
13530 13680
13530 11443
13530 6908
13536 22833
13536 24772
13536 5993
18640 101953
18640 31455
5348 5632
5348 5544
5348 5346
5348 23768
5348 5356
5351 1568
5351 5367
5351 5384
5351 5549
5352 1568
5352 5549
25468 6828
25468 39388
25468 5663
5354 6585
5354 6186
5354 7970
5354 8063
5356 5360
5356 5632
5356 5380
5356 7546
5357 7672
5357 6002
5357 6619
5358 6672
5358 5384
5358 5380
5358 6619
5358 6717
5360 5603
5360 5588
5360 5672
5360 8067
5366 5384
5367 40475
21758 55792
21758 55608
21758 7026
21758 55737
21758 97163
21758 63391
5380 5384
5382 6497
5382 6458
13575 15390
5384 5663
5384 7791
95506 49360
95506 12083
95506 52611
95506 47870
21785 22008
13595 13600
13595 13737
13595 13746
13600 13745
13600 13746
13600 6148
13600 13708
13600 13695
13611 13737
13611 6146
13611 6148
13611 6110
22749 22753
5432 48320
5432 5433
38201 47732
5435 5541
5435 5649
5444 7808
5444 23646
5444 7910
26849 6931
26849 39022
46408 23651
46408 6406
46408 6375
46408 6377
5455 22976
5455 22097
5455 22120
5455 22980
5455 24023
5455 22956
5455 6736
46417 6016
46417 24200
5458 24204
62803 62923
62803 62829
13659 5960
13659 39259
13665 6115
13665 6110
25551 24194
6375 6352
6375 6400
6375 6406
46447 24200
46447 7920
46447 7246
46447 40358
13680 6115
13680 13763
13680 13732
13680 6121
13680 6122
13680 6908
5490 7826
5490 22365
5490 7575
13683 7092
13683 47335
11838 10898
11838 7701
13695 13744
13695 13746
13695 13763
13695 6148
13695 13745
13695 13708
5506 6489
5506 5626
5506 23042
5506 15382
47339 48432
47339 47288
47339 48375
21894 24269
101953 31455
13705 13708
13705 40890
13705 6563
13705 13732
13705 6150
62859 62962
62859 62973
13708 13746
13708 6121
13708 40018
13708 54733
60994 63074
60994 73178
5521 7974
5521 6938
5522 7859
62870 16333
62870 35647
5527 6613
5527 5541
5527 5573
5527 8063
5528 5674
5528 5603
5528 7413
5528 6489
5528 5551
5528 10766
5533 22951
3653 73456
3653 73460
3653 73463
3653 73452
3653 73465
13732 13763
13732 6549
5541 5632
5544 5632
5544 10898
5544 5626
13737 13781
22132 23057
5549 8086
5549 7910
5549 6186
5551 10766
13744 6122
13744 13763
13745 13763
13745 6148
13745 6121
13745 6122
13745 6563
13745 40894
54716 47752
54716 16210
54716 64358
54716 15944
35647 64326
13763 6146
5573 39832
5573 23491
5577 7489
5580 8112
5580 7826
5580 5620
5580 5816
5580 7689
5580 23356
54733 5960
54733 7556
54733 65528
21967 14128
21967 13876
5588 5649
5588 5620
13781 6115
13781 6116
13781 6110
2297 40328
2297 23683
5603 7413
5603 6489
5603 5674
5603 6652
62962 62973
5620 23339
5620 22119
22008 13862
22008 47135
22009 46943
22009 46940
22009 47093
5626 23860
5626 5993
5626 22418
62973 14679
103934 137189
103934 137042
103934 137075
103934 136889
103934 136890
103934 103963
5634 8067
5634 6489
5634 6613
13828 73178
5640 7489
103945 103956
103945 136887
5649 22920
103956 137042
103956 103959
103956 136890
103956 103963
103956 136887
1552 22597
1552 22590
103959 103961
103959 136887
103959 103963
63000 22610
103961 137075
5658 6817
5658 47314
5658 23430
103963 137029
103963 136887
54812 7891
54812 7717
54814 38830
5663 7936
5663 23186
5663 6063
5663 9182
13862 13884
13862 46990
63015 47696
63015 55625
5672 6613
5674 23768
46635 38191
63020 46929
63030 31086
5690 5704
5690 5719
5690 5767
5690 5709
5690 24029
28255 40358
13884 96361
5694 5765
5694 5767
5694 5721
5704 7427
5704 5721
5704 5722
5704 7391
5709 5722
63054 23713
63054 5332
63054 7673
63054 40699
63054 7404
22097 6736
22097 22120
22097 22980
22798 22936
22798 40459
5719 2865
5721 6390
5721 5767
5721 5722
5721 5771
5721 5765
5722 5765
5722 5767
5722 3694
54202 96329
54202 96361
54202 46939
54202 96333
3685 39845
63074 63842
63074 73178
63074 63869
22115 6736
22115 22980
22115 22917
22115 22120
22115 7920
22119 22120
22120 22976
22120 22980
22120 22917
22120 22956
22120 6736
5742 40826
63089 87881
22130 14962
22130 40879
63093 73628
13944 7024
13944 10643
5765 5767
5765 24029
5767 5770
5767 5771
46734 39433
22159 22801
46739 55970
46739 16344
104087 100994
104087 87881
104087 104380
46744 24203
136861 136864
136861 136874
46750 23430
46750 47447
136864 136866
136864 136891
13985 46939
136866 136874
136866 104619
136866 136916
136866 136891
136867 137249
136867 136916
136867 104619
136867 171297
13254 47154
13254 47194
46760 48647
46760 7128
46760 46842
136874 137249
136874 104611
136874 104609
136874 104619
136874 104602
46764 47002
22190 35350
22190 58605
46767 48989
46767 55550
46770 25137
46770 55903
136883 136900
136883 136889
136883 104599
26910 38608
5814 39058
5814 63959
136887 137075
136887 137189
136889 136900
136889 104174
136889 104599
136889 137075
136890 137029
136891 137042
61045 31614
136900 104599
63177 73456
63177 73460
63177 73452
3703 39022
46801 40369
46801 73230
5844 6717
5844 7413
5844 36165
38617 5978
5850 3726
46811 23698
46811 39652
46811 22453
46811 47135
46813 55970
104158 104617
104158 31085
104158 136916
46823 48141
21458 57828
21458 14159
21458 46990
104174 31085
14065 47135
46835 46842
46835 10643
46835 14946
46835 15853
5878 23549
46839 47750
46839 47678
5881 3858
5881 23247
46842 7217
46842 15863
22271 7672
22271 6451
22271 6446
5893 7910
5893 15873
5893 7546
5893 22418
38664 8442
38672 56201
5908 6446
5908 7749
5908 49052
5908 49054
5908 23726
6447 22976
6447 3858
6447 22453
6447 7974
6447 6445
5918 5945
5918 23698
5918 5941
5923 23667
5923 5993
5923 7916
5923 7695
5929 5941
14128 47009
14128 56602
5940 44822
38710 7024
38710 7080
38710 6988
38710 7144
46903 48395
46903 64999
5945 39531
46908 6936
46908 49011
46908 24269
5951 40330
5951 63676
63299 14962
63299 40879
63299 22399
137029 137249
137029 171297
5960 22866
5960 6942
5960 16158
87881 104380
14159 57828
104272 97463
104272 64999
30548 24216
3726 3735
46934 47064
46934 47093
46934 47096
5978 6287
46939 96329
46939 47163
46939 47005
46939 96333
46940 47093
22365 23864
22365 38830
22366 6460
46943 56592
46943 47650
46947 46978
46947 47154
46947 47002
5990 61904
5990 2367
5990 23667
22375 48320
22375 63391
14186 56602
14186 47165
14190 47136
63805 27117
46961 47194
6002 7620
6002 6493
137075 137189
2367 61904
22399 14962
22399 23522
22399 23549
6016 40123
6016 24447
46978 14256
46978 47165
46978 46989
3735 23666
46989 56592
46989 47194
46989 47100
46990 47009
87951 30657
87951 73463
87951 73465
87951 73452
87951 73456
22418 23186
22418 39082
47002 14256
47002 23828
47002 22453
47002 47064
47005 47154
47005 47194
47009 56620
38818 63505
55207 23667
55207 23726
22441 6491
22441 7826
22441 23647
38830 6414
6063 6593
6063 6647
6063 23491
14256 47064
14256 56602
22453 40771
22453 39652
22453 7829
22453 39898
22453 6446
38840 7705
137145 137249
137145 104609
104380 104539
104380 16124
50165 64528
50165 39747
50165 5332
30657 73456
30657 73460
30657 73463
30657 73452
6099 6146
6099 6150
6099 6121
6101 6115
6101 6116
6101 6150
6101 6119
6101 6121
6101 6131
47064 47163
47064 14319
6110 6146
6110 6131
6110 6116
6110 40871
6110 6538
6110 6119
63456 96329
6115 6131
6115 6116
6115 6150
6119 6425
6119 6146
6119 6131
6121 6148
6122 6146
6122 6538
6122 6563
6131 6146
47093 47136
1568 7589
6146 2587
6150 27041
6150 6563
47135 96329
47136 56592
137249 104611
6491 6512
6491 6483
6491 6472
6491 6489
6491 6458
6491 6475
6491 23491
6186 39251
26228 20383
47152 56616
6196 5941
6196 6871
38967 12006
6200 6202
6200 39251
6202 47809
22590 542
25137 23573
25137 55903
22597 542
38982 39832
38982 40282
6223 6226
6223 8002
22610 40634
22610 6942
22610 6899
104539 100994
22630 6685
22630 22631
22631 40826
22631 6685
39021 10801
39021 48154
39021 24076
39022 24475
63599 48147
14456 100628
96379 16296
96379 48402
63612 58548
63612 48141
6270 8007
6270 8151
14467 4637
39046 56656
39046 23692
39046 7246
39058 63959
39058 39407
14483 16084
14483 40890
31086 31600
104599 16208
104599 104602
104602 104610
104602 16208
77509 63988
77509 63959
104609 171297
104609 16208
104610 16208
104610 104619
104611 16208
104617 16208
39082 7636
104619 16208
6316 23681
6316 7059
6316 7809
47282 52611
47288 48396
104633 16208
47294 48385
47294 7106
47294 47510
6339 6692
6340 6428
6340 6460
39113 63869
6349 22739
6349 7997
6349 6411
14542 24023
14542 22967
48845 55550
48845 56070
48845 15863
6352 6400
6352 6388
6352 6406
6352 6379
47314 23257
47314 23860
22739 22753
22739 6792
22739 40879
47319 48395
47319 48396
39128 23356
39128 23357
6365 15873
6365 7705
6365 13566
47949 39407
47335 56656
6377 6400
6377 6406
6379 6388
6379 6400
6379 6406
6388 6406
6390 8002
6390 8007
6390 4637
55550 56070
55550 48839
6399 6996
6400 6406
55562 55792
55562 55778
55562 55737
55562 7026
22803 7233
22803 6821
22803 15430
6425 6428
22917 22976
22917 22920
22917 39521
22917 22907
6441 6451
6441 7974
6441 23615
6441 7695
6445 6451
6445 7974
6446 23618
6446 39302
6446 39832
6446 39845
47407 64334
22833 6757
22839 15971
55608 7026
55608 55737
55608 31769
55608 97163
6458 6480
6458 6498
6458 6461
6461 6497
6461 6483
6461 40470
6461 7617
6461 6620
6461 6493
6463 6512
6463 7628
48864 47493
48864 24269
48864 48173
6469 6512
6469 6497
6469 6483
6469 40470
6469 7179
6469 6494
6472 6480
6472 7617
6472 6498
6472 6475
6472 6489
6472 7628
39241 7489
6475 6480
6475 6497
6475 7179
6475 6620
6475 6512
6475 6493
6480 40101
6480 6512
6480 6483
6480 8067
6480 23491
6483 6497
6483 7617
6483 7179
6483 40470
6483 6587
6483 6512
6483 6493
6489 7413
39259 7717
6493 6587
6493 6620
6494 6512
6497 6512
6497 6498
41134 6593
6512 6498
6512 6620
14709 48420
22907 39521
22907 22920
22907 7662
63869 15873
47486 6942
47486 16158
39302 39845
39302 49052
39302 49054
39302 7749
22920 7716
7916 7689
7916 7891
7916 23678
47504 47510
47510 23639
6551 48631
6551 48141
9284 24188
22941 40468
22941 40583
73456 73452
73456 73460
73456 73463
73456 73465
22951 23257
22951 22954
22956 22976
22956 22980
22956 6736
22967 23339
6585 7489
6585 7835
6585 7546
55738 28647
55738 24328
55738 97163
55738 40446
6587 7617
6587 40470
6587 7179
6593 6648
22980 40018
22980 6736
27041 23606
39376 48392
39376 39865
39376 48409
55761 105028
63954 7271
63954 40879
6613 40634
6619 7538
6620 40470
6620 6647
12026 15421
12026 48166
55778 31769
25682 48320
39407 7636
39407 23692
55792 7026
55792 55737
5203 40871
5203 40858
63988 63959
6648 7920
6652 7748
14846 7309
55814 31769
55814 28647
55814 23557
6663 23186
6663 7427
6663 6685
39433 40699
39433 23726
39433 7589
6672 6692
16302 39492
16302 23864
16302 22894
16302 39871
39452 48409
6685 3805
105015 40758
6717 10801
6717 7826
39492 35461
39492 22894
39492 39871
47685 47696
47685 47697
47685 47686
47685 47700
47685 47743
47686 64334
47696 47752
47696 47737
47697 47747
47697 47700
47697 47750
47697 47708
47697 47743
47700 47708
47700 47741
55737 7026
47707 47752
47707 47737
47707 47738
47708 23880
47708 47732
39521 3959
14946 56070
14946 48839
39531 23683
47724 47747
3858 39702
3858 7309
3858 48156
14962 23646
47737 47752
47738 47752
47743 61351
39552 23430
44822 24819
6807 6828
6807 6848
6817 23357
6821 7233
6821 15430
6828 6848
6828 7824
6828 23667
31420 47841
31420 56812
15053 19637
15053 58605
23247 48320
23247 39938
23247 36165
23247 24819
23247 6926
6864 48432
6872 39845
6872 7033
6872 23726
6872 7749
23257 12186
15863 7217
15863 10734
39652 7106
39652 40018
6899 24200
31485 48384
31485 81577
47870 49360
47870 52611
47870 47960
62970 73628
6915 7144
56085 48612
6936 26512
6939 7785
6939 7610
23327 40402
6947 39969
56103 65361
12083 47969
12083 52611
12083 23727
23356 23357
39747 64528
39747 7696
39747 39822
9356 8183
6988 48385
39757 48432
39757 39542
39757 48375
39757 48396
47960 49360
47960 52611
12091 25821
47978 23727
23406 23414
23406 24200
31600 81118
7033 40699
23430 15915
7047 7488
56201 40402
39822 7696
39822 7785
27117 40468
39826 7601
7059 56752
7059 2707
7059 7062
10734 48647
10734 7128
10734 48839
48023 23522
39832 56752
39832 40282
39845 23618
39845 49011
39845 49054
7080 16254
39849 7144
23475 7285
23475 40758
39871 23864
7106 23651
23491 8063
7108 23698
23494 23713
52611 49360
7128 48647
23522 40879
64490 50164
7151 15383
7163 21737
23549 7824
39938 7716
23557 28647
23557 24328
23557 31769
7179 7617
7179 40470
7182 7821
64528 64554
64528 50164
15383 48831
31769 24328
31769 28647
48154 24076
15390 40452
39969 48839
23589 40583
64554 50164
23606 23832
58548 23790
58548 65297
58548 65342
15421 5346
7233 7285
7233 15430
23618 49011
23618 7749
23618 49054
7239 13566
7239 7271
7246 23692
40018 7489
40018 65528
40018 7556
23642 23678
23667 23161
23667 7695
7285 7695
23678 7974
23686 7546
23688 7696
23713 7725
40105 7523
40105 7717
23726 7891
23727 49360
23727 23832
49011 40330
49011 49054
97463 64999
40122 10898
40123 35461
40123 23864
54476 27419
54476 54495
7391 7395
7393 7396
7404 40699
7404 5332
7404 7601
23790 48616
25811 27419
25811 65342
25811 54495
7412 24494
48375 48396
5332 7617
5332 7459
5332 7589
8063 7970
48384 81577
48385 26512
7427 40778
48392 7835
7434 7455
48395 40865
48395 39542
48395 64999
48402 19051
56616 56620
48432 48831
23864 35461
23864 22894
54495 27419
7488 7860
7492 8067
23880 23890
23880 61351
7523 13566
56678 24494
53139 90550
28201 47752
7556 65528
58605 19637
12186 7748
40358 7920
7610 7891
7617 40470
15819 19637
7662 7821
48631 16344
7672 8086
40446 28647
15873 40501
15873 7766
40452 40459
48647 48839
7689 7891
73230 40369
7695 7766
7695 24494
7696 7785
24098 65297
7725 7808
7739 40879
7749 49052
7758 7911
7785 7848
7808 7968
7808 7910
7808 24447
7824 7973
7824 7910
48839 16344
16084 40890
7910 7968
73452 73460
73452 73465
73460 73463
73463 73465
24328 28647
5433 24447
40858 40867
49052 49054
40871 40894
